3909	1
6345	2
453	3
5790	4
1742	5
2648	6
996	7
1698	8
2832	9
2909	10
13	11
2178	12
5963	13
24	14
4135	15
7925	16
190	17
534	18
196	19
443	20
157	21
7298	22
7494	23
7239	24
2854	25
2973	26
107	27
8692	28
2665	29
2692	30
10	31
6924	32
6177	33
8045	34
1283	35
1131	36
130	37
3934	38
143	39
2542	40
498	41
20	42
7283	43
20	44
3334	45
4002	46
1956	47
808	48
4958	49
1148	50
5555	51
8588	52
3690	53
31	54
9	55
2239	56
7622	57
2851	58
3940	59
8395	60
8968	61
5959	62
2296	63
1678	64
4715	65
33	66
2635	67
3573	68
1254	69
52	70
1622	71
985	72
7431	73
8856	74
964	75
8201	76
542	77
1223	78
7779	79
145	80
7842	81
7392	82
2175	83
2506	84
3922	85
7286	86
96	87
6692	88
6220	89
2032	90
8261	91
8200	92
2081	93
380	94
123	95
7887	96
2893	97
6772	98
192	99
7635	100
2387	101
150	102
5017	103
8845	104
7352	105
1001	106
21	107
163	108
5127	109
1072	110
7038	111
6742	112
11	113
8154	114
8156	115
3466	116
3033	117
7055	118
6747	119
956	120
486	121
4256	122
2453	123
6787	124
4257	125
7157	126
7480	127
7856	128
3026	129
4955	130
966	131
308	132
8873	133
8109	134
5854	135
8255	136
8393	137
5443	138
1624	139
7070	140
424	141
3174	142
1925	143
762	144
5652	145
8965	146
154	147
7988	148
6429	149
693	150
1718	151
6949	152
1731	153
5726	154
8982	155
4060	156
302	157
8341	158
2264	159
2249	160
356	161
3212	162
8944	163
4507	164
7454	165
4722	166
2895	167
6331	168
2752	169
7904	170
1674	171
580	172
2606	173
2939	174
1354	175
6563	176
16	177
8646	178
1074	179
363	180
7052	181
6972	182
5681	183
5799	184
20	185
5843	186
4029	187
891	188
8763	189
4517	190
2592	191
8566	192
1510	193
5939	194
7441	195
5515	196
1942	197
944	198
5778	199
2324	200
3961	201
865	202
5584	203
379	204
28	205
7146	206
8215	207
8023	208
7096	209
3697	210
1300	211
725	212
1487	213
1274	214
7002	215
3545	216
1269	217
2092	218
2831	219
4553	220
5468	221
2316	222
36	223
3315	224
2043	225
6434	226
7560	227
3345	228
5439	229
6431	230
318	231
2269	232
7341	233
3340	234
623	235
3890	236
231	237
6038	238
277	239
21	240
1406	241
1111	242
1560	243
7549	244
40	245
3821	246
5807	247
153	248
4111	249
4622	250
7073	251
2299	252
4315	253
4162	254
591	255
5524	256
6233	257
310	258
1584	259
6130	260
3766	261
718	262
992	263
946	264
2722	265
6738	266
2252	267
6440	268
5974	269
1906	270
6508	271
4702	272
2419	273
1	274
3136	275
51	276
6280	277
2287	278
7529	279
2971	280
8290	281
1431	282
5647	283
1867	284
4815	285
6249	286
3603	287
19	288
54	289
38	290
390	291
1038	292
4217	293
3930	294
1044	295
4237	296
2718	297
6908	298
4472	299
5456	300
7025	301
1715	302
6802	303
6195	304
7804	305
3298	306
5938	307
1594	308
6013	309
371	310
4145	311
2566	312
36	313
7296	314
3195	315
8231	316
4026	317
1975	318
6268	319
8043	320
6756	321
3756	322
6	323
6414	324
5124	325
1069	326
4834	327
1536	328
7207	329
8143	330
1549	331
189	332
5483	333
3120	334
8209	335
3521	336
6623	337
4213	338
4201	339
2580	340
7577	341
1709	342
2935	343
1335	344
480	345
8331	346
6764	347
5955	348
7965	349
139	350
6997	351
247	352
6983	353
51	354
3060	355
316	356
2861	357
6901	358
2219	359
7637	360
6500	361
1572	362
2982	363
50	364
7	365
6439	366
7452	367
75	368
7861	369
2218	370
4	371
5865	372
721	373
8300	374
8950	375
164	376
7733	377
5153	378
2799	379
1950	380
8490	381
7337	382
5633	383
1513	384
7299	385
72	386
2010	387
8195	388
3869	389
5353	390
4849	391
3719	392
8659	393
6011	394
8954	395
116	396
4004	397
1767	398
3982	399
7540	400
2124	401
287	402
37	403
7492	404
886	405
5147	406
3383	407
196	408
6266	409
4461	410
1789	411
1833	412
7826	413
1676	414
2104	415
2684	416
5495	417
5015	418
2536	419
6786	420
7768	421
1394	422
2477	423
106	424
7020	425
5196	426
3727	427
2182	428
1647	429
2911	430
6899	431
5511	432
8988	433
1236	434
7045	435
8325	436
7242	437
2349	438
2423	439
5012	440
7999	441
3812	442
4324	443
38	444
7165	445
5795	446
1396	447
129	448
1719	449
13	450
506	451
476	452
8934	453
6020	454
1728	455
7287	456
44	457
13	458
399	459
4125	460
199	461
7204	462
363	463
4485	464
6683	465
854	466
6451	467
1916	468
124	469
3613	470
8592	471
375	472
21	473
5832	474
149	475
8664	476
7004	477
1437	478
2995	479
30	480
5749	481
7307	482
4304	483
6103	484
6171	485
114	486
6593	487
6987	488
1558	489
7775	490
4185	491
4425	492
472	493
60	494
6	495
8746	496
2759	497
5255	498
2742	499
71	500
3133	501
434	502
5569	503
4630	504
5223	505
4945	506
7421	507
2538	508
6143	509
3675	510
1713	511
633	512
3457	513
3428	514
145	515
6851	516
8597	517
3037	518
8565	519
3674	520
1915	521
4010	522
2388	523
7414	524
7256	525
5667	526
2615	527
6714	528
2841	529
7732	530
5210	531
1596	532
4061	533
8082	534
8942	535
43	536
38	537
552	538
4189	539
8276	540
7142	541
5985	542
849	543
6095	544
7185	545
97	546
8285	547
8361	548
4654	549
369	550
190	551
1888	552
3817	553
7199	554
4326	555
47	556
2332	557
300	558
6361	559
5308	560
103	561
7378	562
5465	563
4033	564
7721	565
6585	566
1614	567
3207	568
1041	569
1447	570
940	571
5489	572
5720	573
269	574
15	575
3953	576
7932	577
6371	578
5886	579
121	580
8008	581
123	582
6955	583
8697	584
3015	585
4944	586
6196	587
7900	588
654	589
4929	590
900	591
5107	592
613	593
6735	594
6097	595
5479	596
5810	597
3035	598
1999	599
4897	600
6096	601
1465	602
3500	603
6958	604
3211	605
2889	606
8725	607
7592	608
8474	609
6320	610
5252	611
69	612
148	613
4520	614
1474	615
797	616
378	617
4015	618
5685	619
3090	620
8923	621
6856	622
5623	623
349	624
3939	625
531	626
8219	627
1222	628
1696	629
2232	630
4426	631
4353	632
7538	633
2480	634
3956	635
1002	636
2422	637
7548	638
60	639
200	640
1526	641
29	642
7871	643
4519	644
3171	645
8397	646
7552	647
3928	648
84	649
8920	650
6829	651
4706	652
1792	653
423	654
8369	655
6132	656
8849	657
1569	658
5387	659
3066	660
245	661
8599	662
7537	663
5630	664
7135	665
6758	666
7626	667
873	668
2545	669
5590	670
81	671
1937	672
7958	673
5380	674
3722	675
8	676
6873	677
7390	678
4988	679
1043	680
8781	681
7893	682
347	683
314	684
2670	685
6080	686
3506	687
7924	688
1812	689
110	690
8839	691
5542	692
3788	693
2309	694
1139	695
2530	696
2042	697
1165	698
754	699
2100	700
7703	701
142	702
5600	703
8167	704
4620	705
5248	706
6388	707
4676	708
6389	709
2549	710
4	711
8157	712
7479	713
6049	714
5509	715
8780	716
2918	717
30	718
4044	719
7546	720
3149	721
832	722
8423	723
851	724
4826	725
5562	726
4607	727
8971	728
2105	729
7950	730
6	731
2543	732
2934	733
8113	734
648	735
8866	736
2115	737
7	738
2698	739
3216	740
422	741
4283	742
341	743
8121	744
6039	745
1377	746
1053	747
6238	748
3437	749
4514	750
6642	751
5249	752
702	753
1610	754
5137	755
3520	756
221	757
1125	758
8326	759
304	760
5383	761
5241	762
8184	763
3134	764
7539	765
8061	766
8869	767
1097	768
5486	769
1944	770
1604	771
266	772
555	773
8681	774
237	775
1598	776
5670	777
7951	778
2638	779
5354	780
2782	781
436	782
74	783
8483	784
3263	785
3588	786
1278	787
134	788
1586	789
2339	790
511	791
1233	792
5000	793
303	794
3689	795
4594	796
6887	797
8827	798
7377	799
1774	800
5342	801
301	802
3220	803
3273	804
1088	805
8949	806
445	807
6561	808
6300	809
8002	810
2844	811
333	812
2181	813
6485	814
6950	815
4346	816
3568	817
416	818
132	819
3762	820
7982	821
8848	822
5746	823
6574	824
8248	825
8984	826
162	827
3337	828
8398	829
4579	830
3151	831
2667	832
2587	833
255	834
8887	835
7144	836
6687	837
1791	838
6814	839
396	840
1093	841
38	842
4329	843
4424	844
2618	845
25	846
1688	847
222	848
4317	849
563	850
6659	851
4852	852
4084	853
4091	854
7171	855
6483	856
16	857
5753	858
5572	859
381	860
527	861
2955	862
3181	863
4254	864
6684	865
1872	866
2452	867
4170	868
3834	869
5781	870
6140	871
2768	872
1815	873
74	874
4705	875
350	876
71	877
7122	878
8931	879
4701	880
22	881
3611	882
4990	883
2409	884
4165	885
7664	886
5397	887
1692	888
6806	889
225	890
4867	891
2727	892
3468	893
3806	894
8355	895
1669	896
4421	897
4139	898
168	899
1201	900
4451	901
4981	902
83	903
1080	904
201	905
3686	906
4601	907
4106	908
5502	909
7219	910
1367	911
993	912
6724	913
7455	914
2814	915
5733	916
717	917
491	918
8162	919
3949	920
2487	921
7574	922
387	923
2689	924
413	925
8264	926
8336	927
6321	928
6158	929
240	930
7035	931
1585	932
8916	933
1345	934
3350	935
1723	936
2629	937
2528	938
3341	939
8642	940
51	941
96	942
1565	943
8041	944
3145	945
2254	946
671	947
4698	948
4606	949
579	950
6926	951
7674	952
2150	953
3395	954
348	955
1	956
5322	957
1030	958
3533	959
507	960
144	961
2597	962
6040	963
5136	964
10	965
262	966
6853	967
1988	968
8784	969
1638	970
3114	971
2301	972
7126	973
1334	974
8541	975
193	976
508	977
1095	978
5606	979
1909	980
7918	981
479	982
276	983
6746	984
142	985
8440	986
1895	987
8921	988
2211	989
3069	990
8091	991
3452	992
3422	993
1521	994
6356	995
6426	996
1505	997
1607	998
2395	999
6170	1000
712	1001
7730	1002
2733	1003
5772	1004
5868	1005
1504	1006
7470	1007
1896	1008
5564	1009
8572	1010
3420	1011
6288	1012
4740	1013
411	1014
1766	1015
2012	1016
5611	1017
5980	1018
3761	1019
423	1020
14	1021
4116	1022
6825	1023
7660	1024
21	1025
5186	1026
925	1027
29	1028
3728	1029
256	1030
4363	1031
4340	1032
2067	1033
6744	1034
4172	1035
3040	1036
6722	1037
7857	1038
8352	1039
2372	1040
7111	1041
13	1042
1272	1043
3088	1044
5022	1045
5089	1046
6010	1047
356	1048
1661	1049
7430	1050
3842	1051
233	1052
953	1053
695	1054
7749	1055
6699	1056
163	1057
4913	1058
8291	1059
987	1060
2659	1061
212	1062
342	1063
7631	1064
8435	1065
15	1066
2231	1067
6340	1068
5846	1069
6903	1070
6827	1071
5745	1072
1374	1073
5064	1074
3282	1075
751	1076
7308	1077
4950	1078
8972	1079
427	1080
814	1081
3804	1082
8860	1083
2920	1084
2038	1085
8963	1086
5517	1087
1120	1088
8568	1089
6649	1090
3431	1091
672	1092
1400	1093
6982	1094
64	1095
4313	1096
8918	1097
7669	1098
7545	1099
6586	1100
7266	1101
629	1102
5112	1103
382	1104
2804	1105
6944	1106
6791	1107
3482	1108
2199	1109
6318	1110
8890	1111
2682	1112
4995	1113
3505	1114
917	1115
3164	1116
7566	1117
4379	1118
6472	1119
2836	1120
3874	1121
5551	1122
5183	1123
1387	1124
6719	1125
3401	1126
3652	1127
178	1128
5020	1129
131	1130
8589	1131
1907	1132
7295	1133
1464	1134
7765	1135
8937	1136
7816	1137
172	1138
7927	1139
903	1140
950	1141
5335	1142
3075	1143
7754	1144
5921	1145
7323	1146
6582	1147
5896	1148
7908	1149
3122	1150
6855	1151
1826	1152
454	1153
6765	1154
1005	1155
6329	1156
1985	1157
2764	1158
858	1159
491	1160
3759	1161
3864	1162
8877	1163
2370	1164
3774	1165
3579	1166
4753	1167
1531	1168
6219	1169
3597	1170
20	1171
505	1172
4152	1173
5893	1174
1121	1175
2185	1176
2558	1177
5686	1178
40	1179
7734	1180
7726	1181
7838	1182
133	1183
2788	1184
4246	1185
2791	1186
2505	1187
7968	1188
5365	1189
8498	1190
32	1191
1311	1192
1416	1193
6965	1194
3526	1195
8283	1196
370	1197
99	1198
7440	1199
4628	1200
7302	1201
8146	1202
8671	1203
4581	1204
2603	1205
3445	1206
8929	1207
1086	1208
2714	1209
4120	1210
8297	1211
5174	1212
1289	1213
6382	1214
5538	1215
4833	1216
424	1217
8177	1218
260	1219
6276	1220
6066	1221
1385	1222
7255	1223
2133	1224
17	1225
8874	1226
4540	1227
2771	1228
299	1229
3650	1230
1700	1231
42	1232
7527	1233
186	1234
3900	1235
5553	1236
7007	1237
2736	1238
6167	1239
1752	1240
6216	1241
8	1242
8445	1243
4561	1244
1051	1245
7681	1246
991	1247
8452	1248
1332	1249
6449	1250
2942	1251
4532	1252
2611	1253
2371	1254
3080	1255
4848	1256
276	1257
3602	1258
8009	1259
2087	1260
8485	1261
8902	1262
2020	1263
8908	1264
73	1265
5406	1266
462	1267
3903	1268
588	1269
1911	1270
4543	1271
3502	1272
1118	1273
2739	1274
14	1275
4100	1276
2596	1277
2654	1278
6893	1279
2127	1280
597	1281
61	1282
3162	1283
4891	1284
824	1285
694	1286
4393	1287
2931	1288
6293	1289
4733	1290
5931	1291
7156	1292
3783	1293
5583	1294
3068	1295
38	1296
7396	1297
75	1298
341	1299
3254	1300
635	1301
3396	1302
1878	1303
3276	1304
7369	1305
2819	1306
98	1307
863	1308
4167	1309
4968	1310
6681	1311
700	1312
8347	1313
2941	1314
149	1315
355	1316
732	1317
6227	1318
3601	1319
6507	1320
492	1321
1009	1322
3389	1323
7176	1324
5536	1325
6182	1326
3117	1327
296	1328
8858	1329
7386	1330
926	1331
12	1332
5808	1333
2969	1334
7787	1335
3099	1336
1114	1337
5041	1338
3	1339
346	1340
1152	1341
6128	1342
409	1343
2064	1344
6459	1345
5315	1346
7735	1347
1263	1348
111	1349
6159	1350
6646	1351
4765	1352
2295	1353
4076	1354
6613	1355
906	1356
52	1357
7026	1358
3664	1359
329	1360
5116	1361
7230	1362
2082	1363
1520	1364
62	1365
5585	1366
3	1367
7523	1368
3266	1369
3716	1370
7824	1371
3872	1372
1772	1373
3870	1374
3809	1375
8211	1376
6816	1377
5608	1378
6524	1379
643	1380
8027	1381
2202	1382
129	1383
474	1384
4078	1385
6959	1386
1634	1387
8830	1388
1123	1389
934	1390
3999	1391
2	1392
6176	1393
6857	1394
4758	1395
3344	1396
2583	1397
1490	1398
8558	1399
4667	1400
4767	1401
6622	1402
2869	1403
1978	1404
5805	1405
3975	1406
1701	1407
160	1408
8794	1409
5305	1410
4836	1411
8648	1412
8716	1413
7059	1414
4345	1415
3280	1416
5476	1417
199	1418
1308	1419
599	1420
507	1421
7250	1422
28	1423
87	1424
512	1425
457	1426
264	1427
1033	1428
5395	1429
1837	1430
3433	1431
2640	1432
4117	1433
6383	1434
3297	1435
524	1436
3973	1437
116	1438
2120	1439
772	1440
3518	1441
2910	1442
6408	1443
4576	1444
2193	1445
4028	1446
3639	1447
8752	1448
8620	1449
773	1450
2073	1451
93	1452
8212	1453
4193	1454
2155	1455
313	1456
1309	1457
2494	1458
417	1459
4489	1460
1717	1461
4586	1462
3968	1463
4905	1464
8152	1465
862	1466
5981	1467
1609	1468
1200	1469
5337	1470
8076	1471
1877	1472
969	1473
5052	1474
1290	1475
8227	1476
6701	1477
5906	1478
2430	1479
3980	1480
6248	1481
125	1482
6107	1483
2522	1484
678	1485
4670	1486
7019	1487
7673	1488
548	1489
7519	1490
5304	1491
184	1492
8550	1493
7737	1494
259	1495
2055	1496
1303	1497
7894	1498
7198	1499
938	1500
6986	1501
4156	1502
4429	1503
2898	1504
2062	1505
734	1506
4742	1507
5446	1508
21	1509
7434	1510
5932	1511
7046	1512
1938	1513
7086	1514
5449	1515
12	1516
8270	1517
651	1518
2557	1519
44	1520
4863	1521
2433	1522
8221	1523
4108	1524
5002	1525
5455	1526
2002	1527
7417	1528
5303	1529
646	1530
500	1531
793	1532
2330	1533
8020	1534
1967	1535
6517	1536
5075	1537
5300	1538
14	1539
4449	1540
1018	1541
1153	1542
8977	1543
2436	1544
372	1545
995	1546
3509	1547
2275	1548
2260	1549
2488	1550
2802	1551
1516	1552
5253	1553
31	1554
5972	1555
65	1556
2217	1557
2365	1558
2639	1559
2544	1560
2177	1561
108	1562
3353	1563
7821	1564
8658	1565
8015	1566
8580	1567
134	1568
4016	1569
7021	1570
3669	1571
5352	1572
5045	1573
3935	1574
40	1575
7766	1576
716	1577
6441	1578
3920	1579
7554	1580
3425	1581
4560	1582
5362	1583
4	1584
3074	1585
4895	1586
6839	1587
8366	1588
3051	1589
5155	1590
2647	1591
5614	1592
1764	1593
6697	1594
97	1595
230	1596
4993	1597
4943	1598
4435	1599
4356	1600
7571	1601
4104	1602
20	1603
7858	1604
5592	1605
5641	1606
361	1607
7496	1608
1243	1609
23	1610
3362	1611
46	1612
4782	1613
40	1614
125	1615
7094	1616
4787	1617
2510	1618
4053	1619
7012	1620
7335	1621
4093	1622
333	1623
1247	1624
57	1625
6548	1626
5706	1627
8641	1628
2128	1629
3224	1630
2977	1631
8427	1632
1665	1633
8240	1634
7899	1635
1823	1636
939	1637
4271	1638
4320	1639
1902	1640
8786	1641
5056	1642
7319	1643
2174	1644
197	1645
7557	1646
1007	1647
2701	1648
1028	1649
3954	1650
2034	1651
4972	1652
5018	1653
8458	1654
2847	1655
6890	1656
5296	1657
4009	1658
6113	1659
1827	1660
4130	1661
6865	1662
3923	1663
8436	1664
4853	1665
4720	1666
7236	1667
7263	1668
1735	1669
8951	1670
5602	1671
2198	1672
3472	1673
5376	1674
3660	1675
4375	1676
4842	1677
4500	1678
3463	1679
351	1680
4690	1681
8028	1682
4678	1683
7049	1684
8879	1685
2578	1686
3125	1687
6523	1688
12	1689
1414	1690
4018	1691
7114	1692
5035	1693
1433	1694
1948	1695
5438	1696
6378	1697
5586	1698
8135	1699
3191	1700
7453	1701
3476	1702
7138	1703
2345	1704
5031	1705
1736	1706
3682	1707
3712	1708
2472	1709
322	1710
7608	1711
2608	1712
209	1713
2040	1714
3182	1715
7569	1716
6581	1717
2565	1718
8296	1719
2996	1720
459	1721
4617	1722
596	1723
8521	1724
16	1725
7850	1726
1203	1727
8491	1728
2796	1729
4462	1730
5331	1731
4644	1732
786	1733
1226	1734
7948	1735
3092	1736
929	1737
856	1738
5193	1739
7113	1740
1974	1741
9	1742
7457	1743
4920	1744
2278	1745
3677	1746
6707	1747
4143	1748
8952	1749
4465	1750
2216	1751
2678	1752
7478	1753
151	1754
20	1755
4747	1756
289	1757
3449	1758
4051	1759
8809	1760
4649	1761
6861	1762
4529	1763
981	1764
7937	1765
3558	1766
95	1767
7578	1768
5457	1769
308	1770
6480	1771
1109	1772
8073	1773
3347	1774
2688	1775
5	1776
7366	1777
74	1778
8338	1779
7315	1780
8808	1781
2308	1782
4763	1783
415	1784
7723	1785
7061	1786
5965	1787
6413	1788
2350	1789
4414	1790
8737	1791
8461	1792
4253	1793
8837	1794
6259	1795
8543	1796
5496	1797
5863	1798
6129	1799
1452	1800
5243	1801
603	1802
3072	1803
801	1804
5782	1805
1470	1806
5378	1807
3648	1808
3498	1809
2883	1810
269	1811
8420	1812
8724	1813
2380	1814
2179	1815
434	1816
7605	1817
3583	1818
1149	1819
4900	1820
4822	1821
3819	1822
8627	1823
115	1824
3593	1825
3562	1826
35	1827
7067	1828
7629	1829
4724	1830
3665	1831
6422	1832
179	1833
2717	1834
3491	1835
2005	1836
1998	1837
5880	1838
7375	1839
7202	1840
7217	1841
6589	1842
8438	1843
899	1844
7400	1845
7499	1846
2284	1847
6186	1848
4542	1849
8678	1850
446	1851
4789	1852
6864	1853
3927	1854
6777	1855
7331	1856
467	1857
7364	1858
3910	1859
1207	1860
7062	1861
777	1862
8357	1863
8922	1864
4719	1865
7274	1866
7095	1867
4949	1868
5728	1869
1166	1870
6125	1871
23	1872
5119	1873
5284	1874
78	1875
1083	1876
8699	1877
107	1878
6587	1879
331	1880
7544	1881
19	1882
1608	1883
497	1884
8956	1885
8250	1886
1642	1887
8602	1888
88	1889
1380	1890
8457	1891
7303	1892
3529	1893
8365	1894
7240	1895
24	1896
5736	1897
3822	1898
1973	1899
2418	1900
2414	1901
2972	1902
8645	1903
4695	1904
5447	1905
5814	1906
4671	1907
7694	1908
8437	1909
822	1910
7961	1911
3561	1912
566	1913
781	1914
4939	1915
8675	1916
6034	1917
6858	1918
3886	1919
7966	1920
3079	1921
3042	1922
1530	1923
3789	1924
8178	1925
2024	1926
4250	1927
5970	1928
8492	1929
6315	1930
4046	1931
5314	1932
3846	1933
5370	1934
8471	1935
5341	1936
7415	1937
8274	1938
4505	1939
1280	1940
2643	1941
512	1942
8622	1943
8363	1944
190	1945
8677	1946
6743	1947
8019	1948
3065	1949
86	1950
7089	1951
6208	1952
3714	1953
3244	1954
4068	1955
3635	1956
7168	1957
2916	1958
1805	1959
6915	1960
1299	1961
3813	1962
836	1963
5844	1964
414	1965
5627	1966
3067	1967
113	1968
1196	1969
57	1970
5895	1971
1141	1972
3684	1973
4402	1974
1079	1975
8180	1976
95	1977
5829	1978
660	1979
184	1980
3969	1981
2205	1982
4098	1983
7901	1984
1216	1985
8478	1986
3566	1987
358	1988
3801	1989
4797	1990
3581	1991
6247	1992
8197	1993
3786	1994
3483	1995
3439	1996
5803	1997
4558	1998
539	1999
6308	2000
1213	2001
2069	2002
4800	2003
4347	2004
3277	2005
3596	2006
6879	2007
3958	2008
3406	2009
7188	2010
5121	2011
2535	2012
406	2013
7105	2014
6977	2015
7227	2016
280	2017
4588	2018
2842	2019
8705	2020
4882	2021
8350	2022
5423	2023
6478	2024
7868	2025
4569	2026
8371	2027
3641	2028
619	2029
325	2030
841	2031
7328	2032
6513	2033
8049	2034
1330	2035
91	2036
3795	2037
1548	2038
6098	2039
1	2040
5697	2041
6416	2042
2148	2043
7619	2044
6866	2045
2405	2046
2045	2047
8018	2048
1666	2049
6148	2050
4293	2051
2999	2052
5801	2053
1557	2054
278	2055
5830	2056
1357	2057
7469	2058
2858	2059
6947	2060
5994	2061
5692	2062
2511	2063
4738	2064
943	2065
2130	2066
166	2067
6438	2068
1765	2069
744	2070
7404	2071
4959	2072
5374	2073
7018	2074
170	2075
4861	2076
3963	2077
5701	2078
7746	2079
8720	2080
8667	2081
3346	2082
1592	2083
4266	2084
7401	2085
581	2086
3008	2087
6920	2088
3791	2089
4049	2090
3538	2091
469	2092
6425	2093
5285	2094
614	2095
352	2096
2834	2097
911	2098
29	2099
8577	2100
191	2101
8789	2102
5055	2103
1199	2104
3456	2105
1740	2106
4593	2107
8915	2108
5996	2109
4930	2110
7588	2111
6304	2112
4295	2113
5925	2114
557	2115
55	2116
419	2117
8910	2118
6991	2119
2377	2120
2191	2121
6961	2122
8529	2123
2978	2124
7218	2125
4062	2126
4721	2127
205	2128
5574	2129
2533	2130
2184	2131
5327	2132
5445	2133
7712	2134
4136	2135
615	2136
8932	2137
4794	2138
698	2139
1479	2140
4935	2141
6626	2142
7464	2143
4208	2144
107	2145
4491	2146
4704	2147
8258	2148
733	2149
1650	2150
388	2151
4157	2152
821	2153
2945	2154
4471	2155
5258	2156
4501	2157
1991	2158
3651	2159
1779	2160
6677	2161
3582	2162
5709	2163
4653	2164
215	2165
561	2166
6071	2167
8865	2168
6849	2169
7145	2170
1446	2171
220	2172
8059	2173
45	2174
2787	2175
8649	2176
8979	2177
274	2178
76	2179
7898	2180
2209	2181
7889	2182
1209	2183
181	2184
340	2185
2879	2186
850	2187
315	2188
2810	2189
6933	2190
7346	2191
4430	2192
8538	2193
1076	2194
2245	2195
240	2196
7705	2197
5616	2198
2766	2199
1518	2200
952	2201
6693	2202
36	2203
8380	2204
771	2205
7884	2206
6203	2207
5460	2208
1747	2209
7693	2210
304	2211
8825	2212
2286	2213
7032	2214
8340	2215
2320	2216
3758	2217
4222	2218
392	2219
6489	2220
975	2221
7503	2222
144	2223
1813	2224
185	2225
2004	2226
187	2227
8707	2228
6810	2229
8754	2230
1931	2231
7172	2232
1286	2233
1577	2234
6059	2235
7223	2236
4086	2237
817	2238
1512	2239
6241	2240
7205	2241
8158	2242
455	2243
5559	2244
5105	2245
4996	2246
7152	2247
6206	2248
4680	2249
2162	2250
445	2251
6018	2252
217	2253
1493	2254
371	2255
8966	2256
7798	2257
2449	2258
8593	2259
7222	2260
874	2261
5109	2262
5565	2263
1036	2264
5525	2265
5323	2266
7719	2267
5389	2268
6114	2269
4311	2270
819	2271
6258	2272
8810	2273
2867	2274
430	2275
7265	2276
1866	2277
3388	2278
2267	2279
352	2280
8459	2281
600	2282
6812	2283
5852	2284
3135	2285
289	2286
8790	2287
8574	2288
8518	2289
1314	2290
4974	2291
7877	2292
48	2293
8125	2294
2677	2295
8978	2296
2591	2297
8779	2298
8465	2299
7224	2300
3275	2301
1553	2302
2338	2303
1861	2304
176	2305
5541	2306
4398	2307
4928	2308
4843	2309
747	2310
1	2311
221	2312
12	2313
444	2314
4730	2315
4646	2316
368	2317
5615	2318
7074	2319
307	2320
52	2321
6624	2322
26	2323
443	2324
3440	2325
6230	2326
5619	2327
2550	2328
2468	2329
4547	2330
6121	2331
7481	2332
8451	2333
7	2334
8330	2335
429	2336
8370	2337
5763	2338
3448	2339
6369	2340
6495	2341
5518	2342
36	2343
1297	2344
6390	2345
7081	2346
6981	2347
3006	2348
3045	2349
8065	2350
816	2351
2792	2352
2730	2353
543	2354
7634	2355
2721	2356
7606	2357
8500	2358
8721	2359
2520	2360
7845	2361
2151	2362
4699	2363
7136	2364
8342	2365
18	2366
4956	2367
4487	2368
6457	2369
6368	2370
6191	2371
6169	2372
8093	2373
6803	2374
463	2375
26	2376
456	2377
6099	2378
6424	2379
5080	2380
6688	2381
2993	2382
4085	2383
5264	2384
918	2385
5708	2386
6313	2387
8657	2388
8386	2389
5226	2390
3996	2391
5786	2392
9	2393
574	2394
3221	2395
3868	2396
7869	2397
3988	2398
2021	2399
5558	2400
6061	2401
5827	2402
5470	2403
93	2404
521	2405
5822	2406
8745	2407
42	2408
8534	2409
8824	2410
3192	2411
5154	2412
6733	2413
2593	2414
3374	2415
5839	2416
1409	2417
8391	2418
7187	2419
2189	2420
3882	2421
5891	2422
5120	2423
4282	2424
3678	2425
7397	2426
5433	2427
4331	2428
2672	2429
1977	2430
7368	2431
255	2432
5677	2433
919	2434
3718	2435
3908	2436
4277	2437
29	2438
7301	2439
6828	2440
8472	2441
7641	2442
2353	2443
5254	2444
4761	2445
556	2446
6928	2447
1959	2448
2437	2449
6647	2450
3645	2451
1355	2452
3152	2453
2247	2454
3826	2455
244	2456
8153	2457
605	2458
2641	2459
6144	2460
3005	2461
5441	2462
5680	2463
122	2464
2559	2465
4454	2466
5222	2467
1825	2468
3736	2469
2913	2470
3222	2471
3310	2472
4132	2473
742	2474
3967	2475
1790	2476
634	2477
8581	2478
4302	2479
6573	2480
6676	2481
7413	2482
5307	2483
1275	2484
2547	2485
254	2486
1537	2487
41	2488
6324	2489
3058	2490
8782	2491
377	2492
295	2493
750	2494
6297	2495
7891	2496
3859	2497
6939	2498
6092	2499
334	2500
6316	2501
7181	2502
8507	2503
5016	2504
7514	2505
61	2506
8892	2507
3156	2508
3405	2509
4713	2510
7312	2511
2798	2512
287	2513
5106	2514
8974	2515
410	2516
4639	2517
8110	2518
2868	2519
2451	2520
6639	2521
6301	2522
1819	2523
4231	2524
6583	2525
8814	2526
4146	2527
6834	2528
147	2529
5358	2530
2579	2531
19	2532
8499	2533
758	2534
4716	2535
7182	2536
888	2537
6118	2538
354	2539
6411	2540
2366	2541
274	2542
6295	2543
5379	2544
1147	2545
5145	2546
1949	2547
83	2548
12	2549
2577	2550
5173	2551
4431	2552
7340	2553
2905	2554
252	2555
1507	2556
2008	2557
8253	2558
6409	2559
5459	2560
831	2561
5428	2562
1306	2563
2896	2564
5	2565
2305	2566
8889	2567
7610	2568
3455	2569
1653	2570
3877	2571
848	2572
2617	2573
6715	2574
3972	2575
17	2576
7444	2577
6002	2578
5561	2579
8316	2580
4910	2581
3385	2582
8081	2583
6917	2584
2084	2585
441	2586
6863	2587
386	2588
189	2589
4498	2590
195	2591
2776	2592
8279	2593
6265	2594
3519	2595
6433	2596
2013	2597
4095	2598
6716	2599
172	2600
6173	2601
3165	2602
6630	2603
2573	2604
1181	2605
935	2606
174	2607
3070	2608
397	2609
7006	2610
2262	2611
6068	2612
4662	2613
2612	2614
4223	2615
449	2616
6807	2617
1683	2618
5244	2619
1635	2620
120	2621
23	2622
7611	2623
6	2624
3710	2625
5216	2626
4659	2627
2519	2628
517	2629
2285	2630
2135	2631
621	2632
18	2633
62	2634
829	2635
4229	2636
665	2637
4488	2638
111	2639
3599	2640
359	2641
5158	2642
5991	2643
840	2644
5071	2645
446	2646
2888	2647
6327	2648
7482	2649
328	2650
1198	2651
4298	2652
8159	2653
4781	2654
2204	2655
1392	2656
404	2657
256	2658
8791	2659
3481	2660
4623	2661
1337	2662
7491	2663
2140	2664
115	2665
723	2666
6347	2667
1899	2668
5278	2669
4072	2670
6661	2671
84	2672
7098	2673
8455	2674
1024	2675
8935	2676
6052	2677
6730	2678
6309	2679
3410	2680
86	2681
3264	2682
1046	2683
6793	2684
5001	2685
6880	2686
2652	2687
4734	2688
6109	2689
1344	2690
1542	2691
8894	2692
4164	2693
8854	2694
7591	2695
765	2696
6799	2697
3548	2698
1073	2699
5698	2700
4273	2701
7829	2702
4926	2703
7767	2704
8806	2705
441	2706
7579	2707
7011	2708
3416	2709
4821	2710
3402	2711
203	2712
4124	2713
910	2714
8401	2715
4513	2716
6281	2717
4710	2718
4563	2719
495	2720
136	2721
4656	2722
1417	2723
182	2724
904	2725
4557	2726
367	2727
8407	2728
2914	2729
1461	2730
2894	2731
6729	2732
110	2733
641	2734
6641	2735
346	2736
8	2737
3062	2738
1910	2739
153	2740
7060	2741
6824	2742
3371	2743
6048	2744
2624	2745
1219	2746
2458	2747
6883	2748
5916	2749
7630	2750
4392	2751
8112	2752
8819	2753
4080	2754
2656	2755
4918	2756
2321	2757
2958	2758
3238	2759
109	2760
2461	2761
4218	2762
8011	2763
1232	2764
4318	2765
1957	2766
8403	2767
1820	2768
4878	2769
1050	2770
2757	2771
2464	2772
2495	2773
233	2774
4494	2775
6399	2776
6522	2777
137	2778
107	2779
1778	2780
2745	2781
3269	2782
4605	2783
2107	2784
7036	2785
151	2786
818	2787
8464	2788
757	2789
3555	2790
3397	2791
359	2792
4497	2793
3938	2794
1497	2795
2095	2796
5033	2797
3787	2798
2524	2799
540	2800
577	2801
676	2802
4523	2803
4648	2804
3797	2805
5979	2806
7498	2807
8	2808
139	2809
2729	2810
2803	2811
4625	2812
7057	2813
6487	2814
3654	2815
8262	2816
5306	2817
3891	2818
179	2819
6847	2820
8718	2821
11	2822
6147	2823
152	2824
6379	2825
6940	2826
1628	2827
2110	2828
6405	2829
1	2830
8802	2831
7642	2832
7069	2833
1822	2834
708	2835
2290	2836
121	2837
5787	2838
5765	2839
3046	2840
4292	2841
3835	2842
4927	2843
1045	2844
5714	2845
8320	2846
3459	2847
7815	2848
4247	2849
4608	2850
8554	2851
196	2852
4103	2853
567	2854
7944	2855
3032	2856
1379	2857
759	2858
7284	2859
5421	2860
1801	2861
6980	2862
1421	2863
3333	2864
2708	2865
1282	2866
181	2867
5882	2868
4299	2869
229	2870
6162	2871
43	2872
2815	2873
7085	2874
4841	2875
6600	2876
4502	2877
8732	2878
4394	2879
1159	2880
3376	2881
112	2882
1969	2883
5754	2884
3849	2885
8530	2886
1143	2887
1010	2888
6089	2889
353	2890
6261	2891
5231	2892
1381	2893
6501	2894
5014	2895
6396	2896
8466	2897
146	2898
28	2899
3800	2900
494	2901
5312	2902
6695	2903
7149	2904
1523	2905
7191	2906
971	2907
3668	2908
7784	2909
83	2910
1167	2911
5723	2912
4665	2913
961	2914
1737	2915
91	2916
6870	2917
227	2918
5287	2919
4570	2920
3146	2921
4770	2922
8668	2923
2657	2924
3022	2925
2200	2926
7128	2927
5498	2928
7292	2929
4663	2930
2568	2931
1605	2932
6835	2933
4440	2934
8249	2935
2607	2936
8067	2937
5404	2938
8418	2939
193	2940
3467	2941
3110	2942
6117	2943
755	2944
885	2945
410	2946
5004	2947
4876	2948
4092	2949
105	2950
5436	2951
3649	2952
1672	2953
3913	2954
7973	2955
8901	2956
56	2957
3408	2958
8775	2959
5933	2960
4190	2961
4572	2962
2273	2963
13	2964
2886	2965
2943	2966
8962	2967
5180	2968
7374	2969
7071	2970
1277	2971
6029	2972
13	2973
92	2974
6702	2975
6493	2976
4830	2977
109	2978
391	2979
673	2980
1003	2981
3608	2982
1420	2983
5318	2984
454	2985
959	2986
4829	2987
7216	2988
8287	2989
5102	2990
5780	2991
4942	2992
6471	2993
6784	2994
7270	2995
2628	2996
6341	2997
183	2998
1049	2999
7935	3000
166	3001
8616	3002
5998	3003
2904	3004
4798	3005
5659	3006
5343	3007
47	3008
5118	3009
78	3010
6244	3011
7228	3012
6012	3013
1589	3014
8882	3015
4048	3016
5621	3017
3095	3018
7117	3019
2431	3020
2604	3021
279	3022
3025	3023
277	3024
6809	3025
2497	3026
5260	3027
179	3028
7196	3029
978	3030
2585	3031
2783	3032
355	3033
68	3034
4276	3035
193	3036
1745	3037
3768	3038
3598	3039
8348	3040
6830	3041
4036	3042
3705	3043
37	3044
7778	3045
138	3046
2516	3047
1664	3048
3367	3049
6568	3050
1331	3051
1048	3052
175	3053
1961	3054
4624	3055
3919	3056
2017	3057
3226	3058
3377	3059
4971	3060
3274	3061
8480	3062
6262	3063
165	3064
7940	3065
3115	3066
5265	3067
2634	3068
2050	3069
4633	3070
3535	3071
1235	3072
735	3073
6149	3074
5201	3075
3485	3076
7563	3077
159	3078
3994	3079
2163	3080
6978	3081
8612	3082
4745	3083
8054	3084
2860	3085
64	3086
8815	3087
137	3088
192	3089
2936	3090
737	3091
4889	3092
6555	3093
327	3094
2486	3095
8555	3096
2967	3097
1681	3098
5187	3099
7355	3100
3757	3101
1	3102
5010	3103
2950	3104
5349	3105
8738	3106
2630	3107
3818	3108
1508	3109
2784	3110
5375	3111
1573	3112
1378	3113
1844	3114
1065	3115
1116	3116
1021	3117
4846	3118
546	3119
4408	3120
6711	3121
1554	3122
252	3123
35	3124
815	3125
5263	3126
1921	3127
4401	3128
8174	3129
4448	3130
3061	3131
7960	3132
7777	3133
293	3134
1259	3135
7902	3136
2076	3137
7447	3138
5519	3139
6680	3140
8970	3141
3875	3142
16	3143
6927	3144
5096	3145
523	3146
6737	3147
5948	3148
158	3149
4403	3150
7769	3151
8497	3152
3260	3153
5416	3154
1503	3155
6545	3156
8005	3157
1716	3158
7338	3159
1818	3160
5591	3161
5188	3162
3217	3163
8528	3164
7422	3165
236	3166
7553	3167
8731	3168
5268	3169
7271	3170
5997	3171
52	3172
214	3173
6362	3174
1430	3175
8092	3176
8852	3177
8800	3178
7159	3179
7495	3180
267	3181
6515	3182
5505	3183
1251	3184
1092	3185
4574	3186
7436	3187
1204	3188
6919	3189
2961	3190
9	3191
170	3192
8899	3193
3556	3194
158	3195
3126	3196
2026	3197
2625	3198
7080	3199
8349	3200
7795	3201
5385	3202
70	3203
8449	3204
7461	3205
3814	3206
1206	3207
198	3208
8573	3209
188	3210
3077	3211
116	3212
5683	3213
1924	3214
243	3215
558	3216
8548	3217
1130	3218
7978	3219
17	3220
407	3221
4287	3222
8188	3223
8733	3224
5181	3225
7148	3226
8734	3227
4083	3228
5139	3229
3528	3230
7215	3231
99	3232
6	3233
2071	3234
6872	3235
4707	3236
5367	3237
2113	3238
7490	3239
6936	3240
5908	3241
429	3242
4094	3243
8591	3244
34	3245
8513	3246
1725	3247
8650	3248
43	3249
2846	3250
6043	3251
661	3252
3404	3253
4857	3254
6213	3255
572	3256
5373	3257
8432	3258
7625	3259
481	3260
8094	3261
1763	3262
81	3263
2077	3264
4144	3265
7650	3266
168	3267
3522	3268
226	3269
6694	3270
7044	3271
3107	3272
4154	3273
5664	3274
8744	3275
5928	3276
3832	3277
6567	3278
3844	3279
7517	3280
7644	3281
275	3282
3320	3283
7645	3284
15	3285
5727	3286
7595	3287
3064	3288
7027	3289
5596	3290
7277	3291
4031	3292
4369	3293
2467	3294
2448	3295
7582	3296
6537	3297
2172	3298
133	3299
2060	3300
3591	3301
5372	3302
251	3303
103	3304
1343	3305
7129	3306
1730	3307
8503	3308
6889	3309
7882	3310
5027	3311
960	3312
1824	3313
5903	3314
7154	3315
5943	3316
2003	3317
4163	3318
8682	3319
902	3320
1211	3321
3413	3322
160	3323
6643	3324
8831	3325
6519	3326
2907	3327
7613	3328
800	3329
3386	3330
4839	3331
323	3332
5856	3333
5941	3334
8234	3335
3462	3336
5769	3337
2828	3338
5971	3339
273	3340
1943	3341
8539	3342
3708	3343
5047	3344
157	3345
5648	3346
5277	3347
49	3348
387	3349
6474	3350
5074	3351
6	3352
3328	3353
493	3354
8768	3355
3667	3356
6428	3357
5143	3358
4672	3359
1281	3360
5775	3361
6922	3362
5185	3363
4873	3364
3600	3365
3213	3366
699	3367
2000	3368
8053	3369
4828	3370
5050	3371
2848	3372
1814	3373
5604	3374
8097	3375
4599	3376
8220	3377
6417	3378
2863	3379
77	3380
1770	3381
4202	3382
1630	3383
5522	3384
6402	3385
1040	3386
3780	3387
3827	3388
8691	3389
2849	3390
6325	3391
2605	3392
8551	3393
5087	3394
4437	3395
6954	3396
8295	3397
4370	3398
6357	3399
117	3400
1070	3401
3049	3402
5319	3403
8328	3404
8384	3405
5566	3406
7597	3407
5940	3408
5587	3409
4524	3410
927	3411
7419	3412
6403	3413
5368	3414
6993	3415
125	3416
4571	3417
8396	3418
6205	3419
140	3420
4737	3421
3372	3422
3073	3423
8323	3424
7	3425
3268	3426
3884	3427
8552	3428
7756	3429
4677	3430
3862	3431
6157	3432
5062	3433
8728	3434
1639	3435
4336	3436
1104	3437
6963	3438
3911	3439
6773	3440
77	3441
3102	3442
8428	3443
5510	3444
6091	3445
1663	3446
4893	3447
1900	3448
3112	3449
1786	3450
2186	3451
7977	3452
54	3453
1962	3454
438	3455
2	3456
1329	3457
4545	3458
130	3459
989	3460
7097	3461
610	3462
5910	3463
2400	3464
6644	3465
898	3466
7063	3467
4260	3468
7863	3469
292	3470
611	3471
704	3472
3306	3473
4809	3474
3480	3475
1212	3476
110	3477
7639	3478
4288	3479
606	3480
6860	3481
4322	3482
8695	3483
1398	3484
3202	3485
3024	3486
7596	3487
3740	3488
5871	3489
6541	3490
3585	3491
8909	3492
3352	3493
3696	3494
3223	3495
5025	3496
1834	3497
6397	3498
4666	3499
4321	3500
4396	3501
1551	3502
1478	3503
437	3504
1989	3505
6108	3506
6166	3507
5923	3508
5506	3509
8239	3510
3997	3511
214	3512
8225	3513
1037	3514
4412	3515
75	3516
2229	3517
8356	3518
8273	3519
5791	3520
7739	3521
4803	3522
6224	3523
6578	3524
6819	3525
332	3526
8756	3527
6352	3528
317	3529
3706	3530
7675	3531
7376	3532
8269	3533
6215	3534
5069	3535
5357	3536
7947	3537
485	3538
6164	3539
282	3540
165	3541
4227	3542
6273	3543
6312	3544
8036	3545
5718	3546
5324	3547
545	3548
860	3549
13	3550
271	3551
139	3552
5855	3553
6913	3554
2	3555
6401	3556
330	3557
7953	3558
8897	3559
5785	3560
3237	3561
7381	3562
50	3563
250	3564
238	3565
4940	3566
3	3567
1983	3568
353	3569
8980	3570
5937	3571
6453	3572
8222	3573
7974	3574
2313	3575
5905	3576
3539	3577
108	3578
5825	3579
6264	3580
2988	3581
4343	3582
931	3583
6804	3584
3038	3585
219	3586
7757	3587
3672	3588
393	3589
310	3590
8514	3591
5431	3592
4206	3593
942	3594
7699	3595
6848	3596
2259	3597
5545	3598
6968	3599
6625	3600
3512	3601
6628	3602
1059	3603
451	3604
257	3605
4233	3606
689	3607
1627	3608
7462	3609
6212	3610
589	3611
6640	3612
5141	3613
4349	3614
1154	3615
6024	3616
7929	3617
6112	3618
1571	3619
4268	3620
393	3621
779	3622
7594	3623
2074	3624
3907	3625
7962	3626
178	3627
7474	3628
4014	3629
1237	3630
5711	3631
1328	3632
6525	3633
7528	3634
18	3635
1338	3636
2632	3637
3946	3638
3301	3639
1425	3640
5554	3641
110	3642
4526	3643
525	3644
8537	3645
977	3646
2636	3647
1391	3648
8473	3649
448	3650
6452	3651
26	3652
3960	3653
3359	3654
3426	3655
2122	3656
7802	3657
2537	3658
3001	3659
5512	3660
7466	3661
458	3662
1528	3663
3409	3664
3185	3665
6943	3666
2680	3667
4153	3668
8359	3669
8876	3670
1682	3671
4181	3672
174	3673
5953	3674
4127	3675
11	3676
361	3677
5494	3678
8811	3679
7649	3680
7141	3681
8640	3682
3642	3683
8693	3684
6078	3685
7373	3686
1539	3687
1955	3688
983	3689
8759	3690
2121	3691
604	3692
5900	3693
5212	3694
951	3695
3303	3696
2741	3697
2139	3698
138	3699
5162	3700
5543	3701
1172	3702
2248	3703
1831	3704
8183	3705
1326	3706
1098	3707
8604	3708
1590	3709
727	3710
56	3711
263	3712
2575	3713
2674	3714
2	3715
6798	3716
4917	3717
8587	3718
2271	3719
2358	3720
8798	3721
462	3722
5649	3723
1994	3724
8000	3725
1256	3726
7324	3727
6789	3728
7643	3729
5842	3730
3578	3731
6808	3732
1210	3733
3318	3734
7559	3735
2099	3736
339	3737
6670	3738
3570	3739
5824	3740
7599	3741
2662	3742
3542	3743
4516	3744
14	3745
4610	3746
4099	3747
880	3748
32	3749
1930	3750
5885	3751
31	3752
2386	3753
5369	3754
8286	3755
5207	3756
7665	3757
124	3758
5497	3759
3435	3760
1619	3761
7394	3762
1641	3763
6736	3764
8315	3765
7371	3766
6155	3767
5607	3768
4827	3769
1060	3770
4872	3771
2047	3772
4160	3773
5329	3774
3717	3775
6263	3776
5	3777
1852	3778
871	3779
1966	3780
6001	3781
7601	3782
1134	3783
2125	3784
3623	3785
6209	3786
912	3787
3995	3788
1869	3789
5311	3790
4272	3791
3063	3792
7939	3793
127	3794
401	3795
6766	3796
7099	3797
4669	3798
1734	3799
6964	3800
7812	3801
3248	3802
7885	3803
3933	3804
283	3805
2484	3806
102	3807
2979	3808
2157	3809
7486	3810
2865	3811
7226	3812
7638	3813
807	3814
553	3815
2393	3816
5719	3817
3823	3818
82	3819
4455	3820
5492	3821
1239	3822
8765	3823
4133	3824
2765	3825
516	3826
155	3827
6925	3828
2853	3829
2790	3830
5309	3831
5879	3832
7279	3833
1324	3834
3154	3835
4820	3836
357	3837
3393	3838
4641	3839
279	3840
2180	3841
8456	3842
4925	3843
26	3844
5152	3845
5280	3846
8317	3847
8685	3848
1298	3849
2826	3850
95	3851
3218	3852
4301	3853
174	3854
949	3855
896	3856
7079	3857
3053	3858
3858	3859
2552	3860
5862	3861
4252	3862
4791	3863
6761	3864
8494	3865
6595	3866
7905	3867
2586	3868
4771	3869
7041	3870
1884	3871
1459	3872
3896	3873
2416	3874
8130	3875
89	3876
2399	3877
4757	3878
4881	3879
3187	3880
403	3881
8981	3882
108	3883
7725	3884
3183	3885
559	3886
208	3887
7387	3888
10	3889
3391	3890
2963	3891
3188	3892
2562	3893
6174	3894
7460	3895
5890	3896
5762	3897
6783	3898
6218	3899
4	3900
6904	3901
8571	3902
8821	3903
1022	3904
4470	3905
8598	3906
5202	3907
8583	3908
223	3909
5703	3910
1173	3911
4242	3912
4645	3913
8077	3914
34	3915
4377	3916
7888	3917
1947	3918
2417	3919
241	3920
7442	3921
3240	3922
3307	3923
8014	3924
8098	3925
3836	3926
4912	3927
5274	3928
4418	3929
202	3930
6298	3931
3745	3932
6842	3933
3343	3934
7428	3935
5230	3936
8953	3937
1480	3938
6780	3939
5123	3940
3368	3941
3776	3942
6698	3943
1626	3944
5731	3945
2821	3946
7722	3947
1810	3948
2997	3949
3287	3950
297	3951
8826	3952
3715	3953
8304	3954
2491	3955
7174	3956
1284	3957
7235	3958
3572	3959
3196	3960
76	3961
3119	3962
3375	3963
2306	3964
4597	3965
7794	3966
2331	3967
3799	3968
4533	3969
3451	3970
1063	3971
1901	3972
8	3973
2499	3974
2154	3975
53	3976
1632	3977
4042	3978
4464	3979
8107	3980
8771	3981
285	3982
8704	3983
6303	3984
6675	3985
626	3986
8026	3987
1451	3988
2402	3989
4258	3990
5788	3991
809	3992
2246	3993
5093	3994
4693	3995
8863	3996
2291	3997
6892	3998
6270	3999
8477	4000
2302	4001
119	4002
238	4003
7339	4004
6497	4005
2817	4006
7361	4007
4682	4008
6269	4009
5958	4010
2697	4011
18	4012
3553	4013
3614	4014
6025	4015
4279	4016
3594	4017
8102	4018
2390	4019
3339	4020
6884	4021
6815	4022
420	4023
5340	4024
297	4025
7326	4026
8368	4027
8715	4028
3331	4029
1412	4030
1067	4031
22	4032
8557	4033
659	4034
5806	4035
8939	4036
763	4037
2327	4038
2820	4039
59	4040
7163	4041
8334	4042
5705	4043
4530	4044
7568	4045
5084	4046
6577	4047
5170	4048
6750	4049
4073	4050
5067	4051
5531	4052
6343	4053
7506	4054
7698	4055
473	4056
328	4057
3741	4058
4957	4059
5176	4060
3	4061
335	4062
4580	4063
298	4064
1	4065
7459	4066
1321	4067
4388	4068
1929	4069
1587	4070
8913	4071
1982	4072
595	4073
5950	4074
2891	4075
1140	4076
12	4077
573	4078
8373	4079
4404	4080
1473	4081
1788	4082
1965	4083
27	4084
2455	4085
6473	4086
5841	4087
6946	4088
637	4089
8208	4090
3464	4091
6330	4092
160	4093
461	4094
6239	4095
5563	4096
2098	4097
1230	4098
1348	4099
96	4100
2866	4101
3704	4102
7137	4103
239	4104
1110	4105
6231	4106
7275	4107
3628	4108
2143	4109
4463	4110
94	4111
4267	4112
1887	4113
7297	4114
5851	4115
6138	4116
7272	4117
6131	4118
91	4119
1372	4120
2953	4121
12	4122
59	4123
3281	4124
4595	4125
3993	4126
625	4127
3111	4128
400	4129
6007	4130
3150	4131
7872	4132
39	4133
2145	4134
3155	4135
8194	4136
3551	4137
392	4138
2738	4139
159	4140
740	4141
2706	4142
1597	4143
4564	4144
1	4145
4546	4146
4887	4147
7742	4148
1495	4149
3898	4150
3441	4151
81	4152
5090	4153
156	4154
3854	4155
3962	4156
9	4157
3206	4158
8785	4159
188	4160
6448	4161
5857	4162
2687	4163
37	4164
3707	4165
8812	4166
4975	4167
2871	4168
8479	4169
7151	4170
616	4171
5634	4172
3986	4173
2053	4174
7614	4175
265	4176
4759	4177
3497	4178
2502	4179
3726	4180
5640	4181
95	4182
791	4183
6106	4184
5040	4185
53	4186
2779	4187
2694	4188
382	4189
1656	4190
889	4191
22	4192
200	4193
753	4194
4158	4195
496	4196
5674	4197
4483	4198
4211	4199
473	4200
3625	4201
838	4202
7844	4203
578	4204
7103	4205
7034	4206
3631	4207
7008	4208
58	4209
3887	4210
173	4211
3544	4212
3241	4213
3681	4214
1532	4215
1623	4216
5407	4217
7583	4218
1905	4219
72	4220
41	4221
2033	4222
4323	4223
2709	4224
2906	4225
3853	4226
1403	4227
5058	4228
6391	4229
2049	4230
8141	4231
6732	4232
6656	4233
7193	4234
7280	4235
7043	4236
4784	4237
3701	4238
2835	4239
2083	4240
2056	4241
120	4242
1443	4243
776	4244
7520	4245
90	4246
5503	4247
86	4248
4351	4249
84	4250
5717	4251
7133	4252
3841	4253
8040	4254
2201	4255
3434	4256
4948	4257
6470	4258
6351	4259
7433	4260
100	4261
5237	4262
3018	4263
8925	4264
5650	4265
6876	4266
4980	4267
3883	4268
1476	4269
4898	4270
1927	4271
6339	4272
3143	4273
1353	4274
4687	4275
5462	4276
780	4277
7731	4278
6257	4279
8052	4280
4522	4281
5482	4282
92	4283
2728	4284
2037	4285
267	4286
8051	4287
4749	4288
1129	4289
7979	4290
6658	4291
1460	4292
280	4293
8959	4294
383	4295
395	4296
2212	4297
11	4298
3432	4299
6415	4300
8792	4301
1613	4302
7370	4303
6152	4304
3770	4305
5283	4306
16	4307
100	4308
5451	4309
3009	4310
1293	4311
5581	4312
3230	4313
2594	4314
4908	4315
7225	4316
7316	4317
3917	4318
439	4319
2443	4320
257	4321
7814	4322
4982	4323
234	4324
2726	4325
4604	4326
4534	4327
4070	4328
7841	4329
8406	4330
1808	4331
8446	4332
3802	4333
5672	4334
3365	4335
119	4336
1027	4337
94	4338
3370	4339
6776	4340
39	4341
5533	4342
6990	4343
2669	4344
1785	4345
715	4346
6073	4347
1026	4348
1885	4349
6435	4350
933	4351
4786	4352
8172	4353
5013	4354
7406	4355
5946	4356
8509	4357
3516	4358
8441	4359
5912	4360
7533	4361
1981	4362
1012	4363
7852	4364
6251	4365
8351	4366
5513	4367
6934	4368
7410	4369
7688	4370
4373	4371
2459	4372
75	4373
468	4374
4025	4375
8907	4376
8764	4377
8926	4378
4999	4379
5853	4380
5501	4381
2445	4382
8117	4383
7727	4384
7853	4385
4788	4386
3531	4387
3792	4388
8193	4389
8502	4390
2975	4391
1703	4392
5656	4393
2880	4394
8271	4395
5077	4396
1879	4397
8100	4398
1840	4399
905	4400
3918	4401
4303	4402
1	4403
3751	4404
8647	4405
5233	4406
33	4407
187	4408
6003	4409
34	4410
2852	4411
2039	4412
3208	4413
2503	4414
8740	4415
6311	4416
186	4417
2429	4418
35	4419
4087	4420
4415	4421
6539	4422
3190	4423
924	4424
1228	4425
1168	4426
7508	4427
391	4428
1361	4429
3541	4430
1081	4431
345	4432
25	4433
3283	4434
8182	4435
8924	4436
4590	4437
1970	4438
8804	4439
1413	4440
4479	4441
6911	4442
376	4443
3335	4444
2576	4445
235	4446
8111	4447
4660	4448
5767	4449
4717	4450
4	4451
4219	4452
2090	4453
663	4454
7173	4455
508	4456
7322	4457
5359	4458
4278	4459
117	4460
3201	4461
6800	4462
2031	4463
1371	4464
628	4465
2337	4466
8917	4467
3358	4468
3493	4469
2588	4470
259	4471
1175	4472
8713	4473
2221	4474
7720	4475
7796	4476
7167	4477
8701	4478
955	4479
4582	4480
56	4481
5	4482
478	4483
4175	4484
334	4485
77	4486
37	4487
329	4488
22	4489
250	4490
405	4491
5588	4492
5861	4493
2517	4494
4764	4495
7398	4496
3750	4497
4107	4498
4184	4499
472	4500
8603	4501
4291	4502
528	4503
2138	4504
6797	4505
6494	4506
6886	4507
4129	4508
3769	4509
66	4510
8148	4511
7487	4512
5213	4513
3981	4514
4780	4515
1349	4516
7003	4517
8861	4518
1848	4519
266	4520
6363	4521
326	4522
72	4523
1161	4524
1904	4525
7318	4526
4711	4527
4378	4528
585	4529
974	4530
4192	4531
4640	4532
5026	4533
2749	4534
488	4535
6134	4536
6634	4537
124	4538
4714	4539
681	4540
1859	4541
8506	4542
6569	4543
3470	4544
609	4545
736	4546
2800	4547
45	4548
3259	4549
5883	4550
692	4551
2173	4552
4399	4553
4275	4554
6277	4555
142	4556
3838	4557
7211	4558
5156	4559
5049	4560
1047	4561
7933	4562
1758	4563
1395	4564
4232	4565
2187	4566
3424	4567
2153	4568
7458	4569
1746	4570
292	4571
6668	4572
2136	4573
2919	4574
1264	4575
7886	4576
7304	4577
452	4578
3873	4579
102	4580
2265	4581
6790	4582
5691	4583
3197	4584
131	4585
2476	4586
2637	4587
7031	4588
4518	4589
7332	4590
4611	4591
2236	4592
2892	4593
6255	4594
4366	4595
7090	4596
1743	4597
7350	4598
390	4599
5289	4600
67	4601
6571	4602
4966	4603
8700	4604
1858	4605
6875	4606
2460	4607
109	4608
3624	4609
2	4610
8766	4611
5151	4612
6437	4613
8689	4614
5149	4615
389	4616
2915	4617
7851	4618
2234	4619
7184	4620
3101	4621
6033	4622
4578	4623
7320	4624
18	4625
677	4626
5748	4627
243	4628
49	4629
33	4630
2713	4631
2280	4632
2227	4633
3438	4634
7860	4635
4319	4636
3314	4637
6516	4638
3616	4639
4381	4640
6271	4641
5293	4642
6172	4643
305	4644
4214	4645
4954	4646
3897	4647
22	4648
6491	4649
1611	4650
1914	4651
714	4652
4616	4653
6510	4654
6543	4655
8679	4656
5730	4657
6492	4658
4696	4659
5845	4660
1369	4661
8655	4662
2546	4663
7084	4664
208	4665
5178	4666
2619	4667
7656	4668
5083	4669
6654	4670
2078	4671
4575	4672
8385	4673
5580	4674
1836	4675
7093	4676
5411	4677
7788	4678
2112	4679
1316	4680
3414	4681
8964	4682
5057	4683
8727	4684
8189	4685
8244	4686
2704	4687
5662	4688
3229	4689
3931	4690
3895	4691
6476	4692
8404	4693
2986	4694
5663	4695
407	4696
1578	4697
1471	4698
1748	4699
3948	4700
1527	4701
2311	4702
8986	4703
6781	4704
8481	4705
4409	4706
667	4707
440	4708
8735	4709
2551	4710
4427	4711
5915	4712
565	4713
2238	4714
958	4715
1936	4716
4420	4717
4476	4718
2900	4719
2006	4720
3587	4721
2141	4722
8698	4723
6941	4724
662	4725
6645	4726
5487	4727
7797	4728
4011	4729
90	4730
8631	4731
27	4732
1690	4733
8482	4734
6820	4735
1646	4736
2609	4737
682	4738
1912	4739
5823	4740
6562	4741
3633	4742
1057	4743
1363	4744
3270	4745
6306	4746
8686	4747
3563	4748
4967	4749
6610	4750
4886	4751
4013	4752
3983	4753
7024	4754
150	4755
1958	4756
7115	4757
8544	4758
14	4759
7175	4760
5944	4761
4480	4762
3670	4763
8071	4764
7393	4765
1133	4766
3	4767
976	4768
2887	4769
6180	4770
3179	4771
3109	4772
680	4773
3843	4774
45	4775
1089	4776
511	4777
8203	4778
7426	4779
8822	4780
65	4781
7327	4782
5345	4783
6813	4784
7828	4785
479	4786
907	4787
3161	4788
1177	4789
2932	4790
8164	4791
1188	4792
6188	4793
1659	4794
6770	4795
368	4796
1	4797
5270	4798
6932	4799
4603	4800
1100	4801
3619	4802
2091	4803
1352	4804
730	4805
674	4806
1757	4807
656	4808
7262	4809
1761	4810
161	4811
3305	4812
1574	4813
4411	4814
1383	4815
3971	4816
5078	4817
8324	4818
1442	4819
8	4820
2812	4821
4868	4822
8367	4823
3576	4824
7359	4825
1445	4826
6655	4827
8292	4828
6294	4829
2089	4830
5094	4831
8859	4832
5530	4833
1136	4834
8674	4835
5366	4836
8767	4837
2015	4838
7984	4839
2119	4840
707	4841
7564	4842
5172	4843
6850	4844
4885	4845
5030	4846
1221	4847
378	4848
209	4849
4456	4850
8419	4851
7942	4852
7515	4853
7489	4854
7124	4855
49	4856
1062	4857
7246	4858
5836	4859
499	4860
222	4861
3523	4862
3746	4863
1341	4864
7077	4865
7068	4866
4819	4867
1405	4868
2166	4869
2094	4870
7238	4871
4729	4872
3302	4873
6907	4874
5095	4875
6652	4876
143	4877
4544	4878
8614	4879
3299	4880
5870	4881
5288	4882
1891	4883
3327	4884
3811	4885
4510	4886
4361	4887
15	4888
6168	4889
440	4890
85	4891
4310	4892
185	4893
5729	4894
7713	4895
5547	4896
253	4897
1514	4898
4452	4899
5295	4900
4627	4901
8880	4902
7823	4903
1980	4904
55	4905
8930	4906
4754	4907
5167	4908
6194	4909
8467	4910
6836	4911
1568	4912
1171	4913
3014	4914
4922	4915
5393	4916
4937	4917
7640	4918
6544	4919
175	4920
6201	4921
7209	4922
146	4923
5214	4924
3478	4925
117	4926
6988	4927
7162	4928
7083	4929
6499	4930
283	4931
3311	4932
2695	4933
1145	4934
2481	4935
1113	4936
436	4937
5424	4938
6636	4939
15	4940
130	4941
1933	4942
186	4943
923	4944
8421	4945
8840	4946
8230	4947
6019	4948
554	4949
2532	4950
13	4951
7493	4952
5779	4953
5034	4954
8496	4955
8912	4956
3784	4957
8191	4958
639	4959
7881	4960
3894	4961
157	4962
7214	4963
8613	4964
1477	4965
10	4966
7343	4967
2132	4968
5192	4969
3754	4970
8447	4971
6443	4972
7525	4973
8933	4974
6713	4975
176	4976
6236	4977
1787	4978
23	4979
6235	4980
7584	4981
5618	4982
5738	4983
7874	4984
7711	4985
6	4986
1710	4987
5122	4988
6672	4989
3178	4990
2504	4991
343	4992
2	4993
2226	4994
7468	4995
5673	4996
8029	4997
7771	4998
8272	4999
18	5000
69	5001
1202	5002
3808	5003
167	5004
8294	5005
2334	5006
1107	5007
2574	5008
7178	5009
1208	5010
7855	5011
3752	5012
4274	5013
8684	5014
5204	5015
77	5016
1563	5017
373	5018
4118	5019
8434	5020
5413	5021
50	5022
1941	5023
1184	5024
2438	5025
697	5026
1777	5027
7751	5028
2428	5029
7164	5030
4932	5031
3495	5032
6840	5033
6460	5034
3017	5035
5914	5036
2022	5037
200	5038
2046	5039
7690	5040
2007	5041
19	5042
7813	5043
4790	5044
7282	5045
6648	5046
8515	5047
1342	5048
8302	5049
3507	5050
6527	5051
6062	5052
7600	5053
56	5054
3550	5055
1726	5056
2310	5057
8914	5058
7388	5059
1205	5060
148	5061
7938	5062
5860	5063
3138	5064
560	5065
2482	5066
7752	5067
6333	5068
1294	5069
1997	5070
8475	5071
598	5072
92	5073
7667	5074
6531	5075
4355	5076
5429	5077
4883	5078
5687	5079
7248	5080
4290	5081
6154	5082
6074	5083
3047	5084
8559	5085
29	5086
1128	5087
1438	5088
8522	5089
5926	5090
7344	5091
5973	5092
2725	5093
536	5094
6305	5095
3294	5096
3803	5097
58	5098
6938	5099
362	5100
4003	5101
166	5102
7476	5103
4221	5104
857	5105
6609	5106
2840	5107
3029	5108
3622	5109
24	5110
7913	5111
1996	5112
3444	5113
5037	5114
5876	5115
3253	5116
7	5117
6490	5118
2569	5119
4804	5120
5098	5121
4880	5122
6590	5123
6775	5124
892	5125
4110	5126
5250	5127
3411	5128
748	5129
4395	5130
2375	5131
87	5132
4989	5133
4350	5134
141	5135
2018	5136
5085	5137
6771	5138
5873	5139
8570	5140
2940	5141
3720	5142
4689	5143
2949	5144
1375	5145
4316	5146
8532	5147
6755	5148
1993	5149
1279	5150
1253	5151
1108	5152
4123	5153
7612	5154
5160	5155
1784	5156
4811	5157
96	5158
2454	5159
5189	5160
20	5161
338	5162
8075	5163
5540	5164
5070	5165
5774	5166
4089	5167
3924	5168
173	5169
8711	5170
2513	5171
481	5172
8388	5173
1305	5174
2335	5175
48	5176
180	5177
3	5178
8050	5179
6179	5180
7054	5181
4460	5182
3514	5183
2373	5184
4238	5185
2809	5186
4166	5187
1501	5188
8743	5189
4635	5190
1017	5191
185	5192
55	5193
5601	5194
8381	5195
1652	5196
5927	5197
8119	5198
2	5199
4307	5200
106	5201
258	5202
6360	5203
2966	5204
7072	5205
5877	5206
6906	5207
8319	5208
2080	5209
307	5210
6557	5211
2376	5212
494	5213
7580	5214
450	5215
510	5216
3	5217
8430	5218
8252	5219
1231	5220
3278	5221
7879	5222
6151	5223
5388	5224
3525	5225
65	5226
2507	5227
421	5228
7384	5229
8256	5230
2735	5231
2772	5232
3232	5233
2456	5234
375	5235
132	5236
5984	5237
5690	5238
1684	5239
3974	5240
6242	5241
8853	5242
2683	5243
6542	5244
4621	5245
36	5246
5612	5247
7140	5248
4909	5249
10	5250
477	5251
245	5252
5884	5253
8114	5254
4296	5255
6841	5256
2194	5257
6036	5258
4131	5259
2274	5260
15	5261
7598	5262
1399	5263
8533	5264
7677	5265
2498	5266
853	5267
5783	5268
6669	5269
7743	5270
162	5271
2873	5272
2167	5273
1662	5274
2620	5275
460	5276
4413	5277
1829	5278
4847	5279
5356	5280
1327	5281
2359	5282
2685	5283
7542	5284
5403	5285
3916	5286
5794	5287
5290	5288
4769	5289
3732	5290
7418	5291
6184	5292
746	5293
319	5294
1245	5295
194	5296
986	5297
6022	5298
802	5299
8540	5300
8868	5301
1000	5302
229	5303
6881	5304
6601	5305
468	5306
1304	5307
8122	5308
4774	5309
370	5310
2929	5311
6935	5312
2147	5313
3510	5314
7259	5315
2686	5316
25	5317
4428	5318
3490	5319
8633	5320
8299	5321
5804	5322
6530	5323
5190	5324
4423	5325
6970	5326
4511	5327
3089	5328
4453	5329
4066	5330
6344	5331
2318	5332
6126	5333
4362	5334
921	5335
8843	5336
5297	5337
35	5338
6891	5339
4226	5340
8776	5341
7443	5342
915	5343
4079	5344
4961	5345
3691	5346
3524	5347
743	5348
198	5349
913	5350
7992	5351
7633	5352
421	5353
1556	5354
3290	5355
705	5356
760	5357
6045	5358
6307	5359
1564	5360
281	5361
146	5362
5330	5363
444	5364
6862	5365
5256	5366
7033	5367
2490	5368
4629	5369
4801	5370
3105	5371
3030	5372
5721	5373
571	5374
7118	5375
5299	5376
8235	5377
8087	5378
4755	5379
5072	5380
8031	5381
94	5382
530	5383
6222	5384
8412	5385
5182	5386
6016	5387
696	5388
954	5389
713	5390
965	5391
1945	5392
3245	5393
3950	5394
7336	5395
4155	5396
6796	5397
2598	5398
799	5399
5076	5400
7	5401
3415	5402
980	5403
741	5404
438	5405
7467	5406
4327	5407
213	5408
82	5409
3640	5410
24	5411
7429	5412
8948	5413
5544	5414
1301	5415
6290	5416
535	5417
4054	5418
8375	5419
8241	5420
29	5421
5539	5422
2424	5423
5651	5424
2527	5425
7511	5426
411	5427
49	5428
638	5429
453	5430
155	5431
2666	5432
1035	5433
1881	5434
1640	5435
7505	5436
4195	5437
8717	5438
3609	5439
5833	5440
4194	5441
8185	5442
7213	5443
4987	5444
21	5445
6945	5446
8160	5447
171	5448
8	5449
4512	5450
5461	5451
6466	5452
909	5453
5887	5454
80	5455
6664	5456
106	5457
70	5458
6618	5459
7848	5460
7445	5461
3589	5462
6026	5463
4284	5464
5235	5465
6423	5466
6912	5467
8621	5468
2902	5469
5029	5470
7039	5471
2412	5472
100	5473
3312	5474
4832	5475
4915	5476
68	5477
627	5478
388	5479
3978	5480
1588	5481
8379	5482
5610	5483
4088	5484
129	5485
337	5486
1468	5487
67	5488
495	5489
3236	5490
8656	5491
5646	5492
6632	5493
1	5494
1356	5495
162	5496
4077	5497
1871	5498
5995	5499
5126	5500
2304	5501
161	5502
2397	5503
4668	5504
4177	5505
7416	5506
498	5507
5166	5508
7736	5509
3336	5510
8389	5511
3461	5512
3871	5513
1389	5514
2702	5515
8527	5516
2367	5517
195	5518
284	5519
5464	5520
1268	5521
448	5522
1	5523
7840	5524
1793	5525
1408	5526
5975	5527
23	5528
4438	5529
3782	5530
1151	5531
2690	5532
5390	5533
8799	5534
79	5535
4096	5536
461	5537
5834	5538
4475	5539
8891	5540
6975	5541
3606	5542
8773	5543
839	5544
4684	5545
6185	5546
1964	5547
2344	5548
7119	5549
3332	5550
1863	5551
3427	5552
6584	5553
6367	5554
401	5555
3820	5556
914	5557
7792	5558
3798	5559
8816	5560
1781	5561
7809	5562
326	5563
37	5564
2644	5565
224	5566
7696	5567
7333	5568
4934	5569
997	5570
5881	5571
5598	5572
5179	5573
3879	5574
844	5575
5813	5576
7237	5577
4718	5578
1617	5579
1496	5580
7253	5581
141	5582
8976	5583
719	5584
7170	5585
8842	5586
4521	5587
7058	5588
2152	5589
568	5590
7180	5591
2989	5592
2897	5593
6710	5594
5859	5595
652	5596
4012	5597
335	5598
5038	5599
6757	5600
3279	5601
4203	5602
861	5603
811	5604
4691	5605
8736	5606
7585	5607
28	5608
7628	5609
5317	5610
3209	5611
7627	5612
2041	5613
93	5614
782	5615
795	5616
482	5617
8850	5618
8257	5619
7617	5620
8719	5621
7565	5622
7920	5623
6832	5624
505	5625
3308	5626
43	5627
2554	5628
60	5629
5205	5630
206	5631
3285	5632
7793	5633
4240	5634
3329	5635
810	5636
1164	5637
2065	5638
3243	5639
2582	5640
6445	5641
6896	5642
5175	5643
82	5644
7903	5645
4813	5646
8214	5647
8694	5648
6956	5649
2610	5650
99	5651
4262	5652
367	5653
5146	5654
2325	5655
3189	5656
1444	5657
6550	5658
4459	5659
4005	5660
2816	5661
2351	5662
1186	5663
8958	5664
5521	5665
159	5666
1244	5667
3131	5668
8670	5669
5053	5670
2531	5671
3078	5672
7770	5673
6502	5674
489	5675
8772	5676
487	5677
128	5678
7347	5679
7692	5680
7477	5681
216	5682
6679	5683
3615	5684
4	5685
2965	5686
3020	5687
2	5688
8132	5689
5571	5690
3473	5691
25	5692
3936	5693
309	5694
3	5695
99	5696
3454	5697
2540	5698
1555	5699
3889	5700
2512	5701
7254	5702
2292	5703
347	5704
7581	5705
215	5706
7753	5707
7921	5708
973	5709
7107	5710
63	5711
354	5712
7	5713
1926	5714
182	5715
5474	5716
670	5717
3743	5718
395	5719
4744	5720
6526	5721
6752	5722
11	5723
8411	5724
219	5725
7781	5726
1163	5727
2244	5728
63	5729
5960	5730
1360	5731
1250	5732
3771	5733
2770	5734
8770	5735
249	5736
18	5737
5704	5738
452	5739
210	5740
7169	5741
4263	5742
1020	5743
4335	5744
7241	5745
7500	5746
7268	5747
4642	5748
4725	5749
1366	5750
1601	5751
270	5752
2188	5753
1882	5754
2171	5755
1908	5756
7082	5757
3880	5758
1249	5759
5	5760
7078	5761
5628	5762
6910	5763
3656	5764
3511	5765
7556	5766
5132	5767
4712	5768
3364	5769
4251	5770
3128	5771
1162	5772
1358	5773
7636	5774
4493	5775
6207	5776
6709	5777
474	5778
7708	5779
163	5780
8232	5781
79	5782
94	5783
10	5784
4159	5785
1238	5786
8606	5787
8362	5788
487	5789
2129	5790
984	5791
4458	5792
4269	5793
6359	5794
7830	5795
6127	5796
6657	5797
4021	5798
251	5799
2541	5800
112	5801
7662	5802
879	5803
827	5804
8003	5805
1197	5806
7875	5807
1783	5808
1602	5809
8896	5810
2830	5811
936	5812
1843	5813
8967	5814
7878	5815
3378	5816
928	5817
4866	5818
3140	5819
4531	5820
7799	5821
7810	5822
4333	5823
5548	5824
6995	5825
7805	5826
1052	5827
1054	5828
7289	5829
3990	5830
4339	5831
8888	5832
2235	5833
1339	5834
6565	5835
7330	5836
3693	5837
8484	5838
3902	5839
7345	5840
4924	5841
8635	5842
7030	5843
7507	5844
4105	5845
4228	5846
365	5847
4204	5848
5	5849
53	5850
1462	5851
41	5852
5499	5853
85	5854
4583	5855
1214	5856
575	5857
6047	5858
3407	5859
2514	5860
4416	5861
3326	5862
8871	5863
1971	5864
3857	5865
1150	5866
8066	5867
3914	5868
6444	5869
5696	5870
11	5871
247	5872
5164	5873
687	5874
8344	5875
7651	5876
618	5877
2703	5878
3765	5879
433	5880
291	5881
2225	5882
3748	5883
1739	5884
2421	5885
1762	5886
7827	5887
5065	5888
5339	5889
2220	5890
485	5891
2964	5892
8549	5893
3944	5894
2956	5895
2457	5896
2210	5897
2183	5898
1382	5899
7555	5900
56	5901
7668	5902
135	5903
25	5904
7589	5905
4556	5906
5384	5907
8254	5908
3828	5909
3794	5910
2614	5911
3666	5912
484	5913
169	5914
4525	5915
4731	5916
5784	5917
7817	5918
6897	5919
5115	5920
1117	5921
1285	5922
4877	5923
7618	5924
5059	5925
5320	5926
6778	5927
7121	5928
6468	5929
413	5930
90	5931
8629	5932
2363	5933
433	5934
7738	5935
1559	5936
3381	5937
8134	5938
2960	5939
7745	5940
2447	5941
4549	5942
418	5943
65	5944
2857	5945
403	5946
3747	5947
6521	5948
4562	5949
1488	5950
1315	5951
3417	5952
4230	5953
466	5954
61	5955
323	5956
5332	5957
6546	5958
2442	5959
1094	5960
191	5961
1467	5962
2774	5963
6534	5964
6455	5965
6512	5966
8653	5967
8303	5968
1189	5969
4450	5970
450	5971
6763	5972
114	5973
8758	5974
8358	5975
6406	5976
2475	5977
6826	5978
4752	5979
6962	5980
6551	5981
7290	5982
235	5983
1318	5984
4064	5985
5930	5986
4007	5987
5169	5988
322	5989
1543	5990
1350	5991
7691	5992
405	5993
7147	5994
6482	5995
2242	5996
870	5997
1811	5998
5488	5999
2347	6000
4551	6001
6335	6002
5878	6003
5695	6004
6156	6005
4391	6006
4352	6007
8224	6008
5987	6009
2263	6010
4859	6011
3866	6012
1886	6013
8186	6014
1651	6015
66	6016
2298	6017
4615	6018
8511	6019
373	6020
263	6021
46	6022
5023	6023
2058	6024
2679	6025
4209	6026
4573	6027
7997	6028
1077	6029
8575	6030
261	6031
191	6032
5820	6033
4750	6034
3423	6035
6100	6036
1631	6037
6076	6038
2279	6039
1633	6040
3703	6041
6292	6042
4760	6043
887	6044
380	6045
612	6046
6302	6047
3366	6048
5818	6049
5700	6050
2829	6051
5977	6052
5036	6053
701	6054
4816	6055
1533	6056
57	6057
4762	6058
2348	6059
41	6060
290	6061
4147	6062
7917	6063
768	6064
4591	6065
35	6066
4799	6067
5936	6068
2882	6069
439	6070
1182	6071
6535	6072
3557	6073
6274	6074
26	6075
1061	6076
5826	6077
4831	6078
3215	6079
3442	6080
3496	6081
8489	6082
5302	6083
8238	6084
1686	6085
8223	6086
5942	6087
16	6088
8233	6089
5993	6090
8265	6091
4173	6092
6375	6093
6627	6094
7501	6095
2382	6096
3735	6097
1519	6098
115	6099
4090	6100
3694	6101
271	6102
3295	6103
456	6104
1897	6105
1056	6106
1317	6107
182	6108
4793	6109
2079	6110
3379	6111
6105	6112
1246	6113
1691	6114
173	6115
1979	6116
8318	6117
4216	6118
4568	6119
7234	6120
4796	6121
2968	6122
8196	6123
2622	6124
1768	6125
6253	6126
8034	6127
7687	6128
5234	6129
1873	6130
550	6131
5321	6132
2413	6133
6741	6134
761	6135
2341	6136
2811	6137
7976	6138
98	6139
8199	6140
2962	6141
6902	6142
3915	6143
2600	6144
5364	6145
6685	6146
8017	6147
2807	6148
70	6149
6181	6150
5529	6151
415	6152
121	6153
2160	6154
2855	6155
6150	6156
5644	6157
4474	6158
5969	6159
1137	6160
8080	6161
5101	6162
5238	6163
2990	6164
4503	6165
3158	6166
74	6167
8128	6168
437	6169
7729	6170
7773	6171
497	6172
128	6173
6837	6174
5111	6175
7408	6176
1708	6177
7356	6178
8526	6179
4792	6180
3170	6181
4921	6182
476	6183
3755	6184
24	6185
6477	6186
272	6187
576	6188
6805	6189
29	6190
3860	6191
4	6192
867	6193
3878	6194
8039	6195
3205	6196
7782	6197
2101	6198
6759	6199
183	6200
4777	6201
6310	6202
7264	6203
2	6204
286	6205
8429	6206
6723	6207
3261	6208
2601	6209
133	6210
7930	6211
1798	6212
350	6213
6146	6214
4234	6215
8927	6216
239	6217
7531	6218
4341	6219
3003	6220
385	6221
6674	6222
7536	6223
1687	6224
968	6225
4179	6226
61	6227
37	6228
8415	6229
6178	6230
778	6231
7177	6232
8590	6233
1333	6234
1411	6235
1920	6236
18	6237
6366	6238
2944	6239
51	6240
5802	6241
1694	6242
4636	6243
1704	6244
1576	6245
3450	6246
1889	6247
2974	6248
2241	6249
8636	6250
6621	6251
5668	6252
764	6253
5197	6254
6976	6255
6326	6256
435	6257
1799	6258
6332	6259
2389	6260
5675	6261
5240	6262
1266	6263
2103	6264
8714	6265
1865	6266
8564	6267
316	6268
3644	6269
8339	6270
5620	6271
6223	6272
4772	6273
318	6274
5209	6275
8643	6276
1550	6277
2170	6278
3775	6279
8444	6280
8228	6281
5279	6282
3477	6283
1195	6284
2312	6285
5148	6286
6070	6287
244	6288
3867	6289
1541	6290
64	6291
3247	6292
2469	6293
2983	6294
601	6295
126	6296
5006	6297
1429	6298
5221	6299
6030	6300
217	6301
8872	6302
6075	6303
4330	6304
49	6305
7510	6306
2169	6307
5129	6308
7463	6309
6463	6310
7676	6311
2340	6312
2496	6313
6909	6314
8624	6315
4000	6316
2	6317
7471	6318
478	6319
4207	6320
6210	6321
8760	6322
2190	6323
1963	6324
6077	6325
4224	6326
1591	6327
2374	6328
8346	6329
3104	6330
1287	6331
28	6332
1919	6333
104	6334
7380	6335
7658	6336
685	6337
6871	6338
1984	6339
5771	6340
6161	6341
7915	6342
40	6343
1738	6344
8101	6345
7956	6346
6612	6347
4281	6348
8070	6349
2283	6350
5702	6351
1857	6352
79	6353
8545	6354
3394	6355
8820	6356
3013	6357
2651	6358
8057	6359
5992	6360
632	6361
8263	6362
3262	6363
1255	6364
6538	6365
87	6366
2649	6367
430	6368
6137	6369
2396	6370
3130	6371
5999	6372
3250	6373
5945	6374
8696	6375
2743	6376
73	6377
2474	6378
3172	6379
4657	6380
97	6381
3419	6382
3773	6383
1106	6384
6607	6385
1418	6386
67	6387
6256	6388
7047	6389
1185	6390
3790	6391
5144	6392
113	6393
8245	6394
8762	6395
6721	6396
2146	6397
3725	6398
65	6399
7411	6400
2561	6401
4354	6402
8314	6403
3702	6404
6204	6405
6999	6406
1517	6407
6762	6408
1325	6409
2875	6410
2	6411
1090	6412
6606	6413
823	6414
4024	6415
8038	6416
649	6417
7221	6418
2314	6419
1657	6420
8063	6421
5401	6422
5504	6423
2663	6424
4384	6425
509	6426
4148	6427
7890	6428
7427	6429
1830	6430
6514	6431
8751	6432
2466	6433
3676	6434
4783	6435
2025	6436
8567	6437
5638	6438
22	6439
8431	6440
6528	6441
3785	6442
608	6443
5266	6444
7836	6445
227	6446
394	6447
2240	6448
6093	6449
483	6450
806	6451
5220	6452
8329	6453
1952	6454
1122	6455
6900	6456
8741	6457
8106	6458
8652	6459
50	6460
4652	6461
7313	6462
8268	6463
69	6464
1323	6465
1832	6466
1721	6467
8862	6468
32	6469
3322	6470
2556	6471
7558	6472
1511	6473
2991	6474
2116	6475
2948	6476
4923	6477
8881	6478
8983	6479
5325	6480
4802	6481
3194	6482
8626	6483
7922	6484
5838	6485
551	6486
1850	6487
8730	6488
3977	6489
3166	6490
8833	6491
2192	6492
8669	6493
5904	6494
6720	6495
3132	6496
835	6497
1552	6498
4259	6499
7342	6500
8665	6501
2097	6502
471	6503
1242	6504
8267	6505
54	6506
5194	6507
5660	6508
3530	6509
6374	6510
6960	6511
5961	6512
113	6513
1524	6514
6540	6515
1455	6516
6447	6517
5377	6518
8218	6519
4045	6520
3116	6521
6365	6522
4255	6523
4466	6524
2925	6525
6376	6526
6662	6527
59	6528
5103	6529
1940	6530
4198	6531
4235	6532
8165	6533
6511	6534
5475	6535
7232	6536
147	6537
1595	6538
617	6539
8168	6540
2441	6541
4285	6542
3845	6543
7748	6544
4697	6545
1146	6546
2957	6547
3199	6548
6199	6549
5707	6550
4555	6551
3861	6552
6111	6553
5024	6554
8586	6555
3763	6556
7654	6557
88	6558
344	6559
1340	6560
5629	6561
1566	6562
1105	6563
2734	6564
5635	6565
3536	6566
738	6567
8846	6568
3921	6569
6475	6570
847	6571
272	6572
3926	6573
5636	6574
2581	6575
3713	6576
5951	6577
5344	6578
4265	6579
6398	6580
4596	6581
5741	6582
722	6583
6456	6584
5776	6585
6818	6586
5140	6587
5694	6588
7042	6589
2072	6590
470	6591
480	6592
3638	6593
36	6594
5171	6595
8493	6596
8394	6597
4970	6598
4504	6599
3850	6600
3380	6601
8426	6602
7353	6603
3663	6604
31	6605
242	6606
2164	6607
7715	6608
4027	6609
7013	6610
6727	6611
1483	6612
4032	6613
7954	6614
100	6615
5061	6616
5520	6617
3342	6618
586	6619
1422	6620
1870	6621
8309	6622
91	6623
7870	6624
7963	6625
4899	6626
4368	6627
5816	6628
4225	6629
156	6630
783	6631
3595	6632
2801	6633
177	6634
7808	6635
3093	6636
300	6637
2762	6638
3547	6639
4983	6640
5073	6641
2633	6642
6749	6643
6838	6644
8086	6645
8851	6646
183	6647
3	6648
3617	6649
5761	6650
2168	6651
7661	6652
4191	6653
44	6654
1225	6655
111	6656
2161	6657
6282	6658
6284	6659
188	6660
6754	6661
6450	6662
8243	6663
6410	6664
8399	6665
3698	6666
2781	6667
7801	6668
23	6669
3225	6670
51	6671
4473	6672
3173	6673
2874	6674
8546	6675
1903	6676
1071	6677
5291	6678
4879	6679
7267	6680
8623	6681
6246	6682
87	6683
1685	6684
6017	6685
7243	6686
7017	6687
541	6688
1816	6689
4741	6690
7420	6691
8904	6692
5206	6693
1839	6694
7837	6695
4681	6696
8608	6697
1454	6698
1307	6699
4864	6700
6283	6701
5949	6702
7912	6703
477	6704
8536	6705
8353	6706
7123	6707
6217	6708
8108	6709
5409	6710
241	6711
6553	6712
7663	6713
1670	6714
4436	6715
6751	6716
5759	6717
6566	6718
5469	6719
4817	6720
420	6721
5892	6722
27	6723
8828	6724
6605	6725
6505	6726
2230	6727
8116	6728
1581	6729
7314	6730
4539	6731
2233	6732
6051	6733
8103	6734
547	6735
7005	6736
3479	6737
2870	6738
3937	6739
3256	6740
194	6741
5898	6742
1390	6743
7389	6744
1658	6745
6620	6746
4552	6747
8706	6748
5418	6749
2255	6750
5603	6751
7653	6752
679	6753
7183	6754
104	6755
8307	6756
2843	6757
6498	6758
4239	6759
1741	6760
7512	6761
2123	6762
8476	6763
3121	6764
3912	6765
7967	6766
866	6767
425	6768
8217	6769
1426	6770
6769	6771
3852	6772
4109	6773
2398	6774
2548	6775
6591	6776
1679	6777
7655	6778
7943	6779
1015	6780
5625	6781
5689	6782
1733	6783
2539	6784
5150	6785
5467	6786
8945	6787
1291	6788
8202	6789
7604	6790
1960	6791
4916	6792
5442	6793
5576	6794
1515	6795
6673	6796
5440	6797
2297	6798
5952	6799
5710	6800
306	6801
1435	6802
2381	6803
5812	6804
2589	6805
8838	6806
1064	6807
6984	6808
2793	6809
5760	6810
5929	6811
7125	6812
1351	6813
4884	6814
5976	6815
7541	6816
875	6817
8864	6818
2289	6819
5400	6820
893	6821
6951	6822
5988	6823
319	6824
2560	6825
7671	6826
1115	6827
8454	6828
8179	6829
30	6830
922	6831
7652	6832
376	6833
833	6834
5063	6835
127	6836
4814	6837
7883	6838
6088	6839
3255	6840
4186	6841
3233	6842
4637	6843
5897	6844
408	6845
8885	6846
8377	6847
5968	6848
3959	6849
7986	6850
372	6851
7573	6852
4410	6853
2992	6854
3184	6855
5599	6856
7502	6857
5550	6858
41	6859
3175	6860
8090	6861
3246	6862
4565	6863
538	6864
908	6865
4969	6866
7450	6867
288	6868
5422	6869
941	6870
282	6871
7762	6872
4174	6873
5935	6874
161	6875
6576	6876
6665	6877
2066	6878
3443	6879
3657	6880
93	6881
4992	6882
1618	6883
1127	6884
1058	6885
8769	6886
2001	6887
8139	6888
3586	6889
21	6890
526	6891
4367	6892
5983	6893
369	6894
5800	6895
3546	6896
6358	6897
8857	6898
4907	6899
2758	6900
7317	6901
431	6902
4178	6903
2268	6904
2613	6905
4446	6906
1599	6907
5232	6908
711	6909
5715	6910
3418	6911
8282	6912
4047	6913
428	6914
148	6915
2930	6916
5425	6917
8400	6918
520	6919
2928	6920
7859	6921
4748	6922
8832	6923
5088	6924
8453	6925
3087	6926
2378	6927
5478	6928
3338	6929
592	6930
7873	6931
5091	6932
5990	6933
642	6934
3323	6935
8596	6936
6597	6937
4180	6938
3330	6939
4325	6940
6823	6941
3137	6942
5654	6943
6878	6944
6728	6945
79	6946
7276	6947
513	6948
5198	6949
1091	6950
2908	6951
30	6952
4931	6953
916	6954
16	6955
7609	6956
92	6957
54	6958
5392	6959
5426	6960
7143	6961
9	6962
4984	6963
3	6964
5777	6965
6187	6966
2307	6967
4236	6968
2384	6969
3630	6970
351	6971
3767	6972
4071	6973
3810	6974
5430	6975
947	6976
1194	6977
3929	6978
6419	6979
3564	6980
6532	6981
5355	6982
8634	6983
7391	6984
6592	6985
6136	6986
4587	6987
5722	6988
6442	6989
8405	6990
587	6991
19	6992
1894	6993
4387	6994
8280	6995
4634	6996
4638	6997
4344	6998
1751	6999
339	7000
151	7001
901	7002
1699	7003
8898	7004
5396	7005
501	7006
6287	7007
703	7008
8284	7009
384	7010
5645	7011
5934	7012
7504	7013
8133	7014
3076	7015
630	7016
57	7017
8906	7018
5568	7019
2411	7020
5203	7021
7718	7022
4850	7023
8047	7024
2048	7025
102	7026
6877	7027
4528	7028
855	7029
68	7030
8470	7031
7786	7032
8079	7033
39	7034
3839	7035
6570	7036
9	7037
6094	7038
7015	7039
3204	7040
5756	7041
7190	7042
7110	7043
7679	7044
7928	7045
1838	7046
152	7047
7247	7048
2404	7049
195	7050
6014	7051
3905	7052
5157	7053
6031	7054
337	7055
7484	7056
73	7057
8987	7058
8813	7059
321	7060
8213	7061
2959	7062
1711	7063
1951	7064
7776	7065
4584	7066
6373	7067
1267	7068
7488	7069
111	7070
2009	7071
336	7072
1570	7073
1817	7074
5712	7075
3168	7076
6214	7077
8611	7078
4675	7079
5919	7080
2716	7081
7647	7082
6760	7083
7166	7084
7158	7085
8	7086
7791	7087
3257	7088
668	7089
7834	7090
3504	7091
5899	7092
207	7093
4865	7094
211	7095
6454	7096
7257	7097
6594	7098
7	7099
2326	7100
6202	7101
6225	7102
2368	7103
64	7104
8321	7105
4577	7106
3489	7107
2818	7108
305	7109
8439	7110
2440	7111
4122	7112
8610	7113
1373	7114
6387	7115
6598	7116
1419	7117
7587	7118
8390	7119
28	7120
846	7121
6559	7122
2933	7123
6599	7124
8084	7125
464	7126
8615	7127
3002	7128
5068	7129
877	7130
6536	7131
834	7132
317	7133
1760	7134
2789	7135
73	7136
5593	7137
5261	7138
5573	7139
7518	7140
4674	7141
8313	7142
8072	7143
145	7144
366	7145
691	7146
17	7147
7931	7148
8181	7149
3475	7150
8089	7151
5477	7152
4613	7153
7919	7154
7127	7155
136	7156
4008	7157
1482	7158
33	7159
506	7160
1935	7161
345	7162
796	7163
859	7164
2085	7165
2946	7166
3733	7167
5043	7168
7803	7169
1990	7170
8919	7171
6056	7172
48	7173
8275	7174
3567	7175
165	7176
5165	7177
1540	7178
7091	7179
2571	7180
4708	7181
1868	7182
502	7183
4647	7184
5693	7185
7876	7186
7349	7187
1004	7188
4938	7189
6200	7190
7101	7191
1643	7192
4058	7193
2675	7194
8424	7195
5589	7196
4837	7197
4768	7198
254	7199
7363	7200
3863	7201
38	7202
769	7203
4736	7204
1561	7205
8175	7206
6252	7207
4023	7208
112	7209
8973	7210
5134	7211
1174	7212
4308	7213
5632	7214
4215	7215
2740	7216
3942	7217
2328	7218
675	7219
6323	7220
7497	7221
205	7222
5665	7223
3680	7224
6725	7225
207	7226
2159	7227
2253	7228
5217	7229
7521	7230
418	7231
2323	7232
3198	7233
4806	7234
6285	7235
88	7236
3349	7237
451	7238
6629	7239
3721	7240
7395	7241
2767	7242
7780	7243
2724	7244
1616	7245
962	7246
1436	7247
3021	7248
5676	7249
4976	7250
2	7251
5245	7252
5444	7253
2631	7254
8777	7255
3501	7256
6229	7257
7981	7258
8683	7259
1668	7260
8126	7261
2845	7262
6914	7263
4188	7264
3899	7265
2715	7266
5225	7267
332	7268
5750	7269
998	7270
8145	7271
1096	7272
5840	7273
5434	7274
71	7275
6739	7276
514	7277
1546	7278
5466	7279
7325	7280
2755	7281
2109	7282
3970	7283
6616	7284
6110	7285
2567	7286
6520	7287
8793	7288
1434	7289
724	7290
1472	7291
3560	7292
6817	7293
4901	7294
6046	7295
749	7296
8140	7297
979	7298
3492	7299
5847	7300
6190	7301
5516	7302
3081	7303
6611	7304
5273	7305
5758	7306
5473	7307
4006	7308
2142	7309
1655	7310
2763	7311
57	7312
8190	7313
1923	7314
5609	7315
4602	7316
231	7317
6894	7318
6503	7319
180	7320
513	7321
1727	7322
3348	7323
8144	7324
8750	7325
7194	7326
98	7327
8012	7328
101	7329
3242	7330
658	7331
4040	7332
6314	7333
3113	7334
1802	7335
8900	7336
3723	7337
5849	7338
7200	7339
2837	7340
4041	7341
2108	7342
8205	7343
5631	7344
344	7345
729	7346
2921	7347
803	7348
3527	7349
686	7350
3487	7351
14	7352
4862	7353
7744	7354
2214	7355
5751	7356
5382	7357
5316	7358
2258	7359
5028	7360
98	7361
2149	7362
7244	7363
33	7364
5246	7365
7685	7366
5286	7367
8834	7368
7907	7369
90	7370
4951	7371
8155	7372
6608	7373
1500	7374
6753	7375
3369	7376
8083	7377
3738	7378
4210	7379
7911	7380
7206	7381
3251	7382
199	7383
6464	7384
4655	7385
537	7386
7210	7387
7985	7388
312	7389
5007	7390
883	7391
937	7392
7472	7393
268	7394
8753	7395
6386	7396
5224	7397
7053	7398
7846	7399
4390	7400
4902	7401
8895	7402
30	7403
3094	7404
3057	7405
8835	7406
24	7407
8844	7408
1486	7409
6496	7410
8417	7411
3083	7412
6953	7413
6469	7414
4894	7415
7543	7416
5624	7417
5257	7418
1023	7419
5747	7420
5682	7421
3612	7422
8563	7423
2760	7424
7258	7425
6119	7426
6035	7427
167	7428
2070	7429
60	7430
787	7431
2208	7432
6226	7433
5391	7434
42	7435
1032	7436
496	7437
1082	7438
82	7439
509	7440
7134	7441
4039	7442
5920	7443
4441	7444
2357	7445
1	7446
7949	7447
4746	7448
8841	7449
2563	7450
1469	7451
234	7452
43	7453
5560	7454
6660	7455
3998	7456
7	7457
3288	7458
7550	7459
416	7460
7697	7461
2054	7462
2473	7463
4457	7464
5399	7465
197	7466
6966	7467
5415	7468
3829	7469
1155	7470
3010	7471
3904	7472
4632	7473
2824	7474
3000	7475
2785	7476
3653	7477
1135	7478
1193	7479
7624	7480
7475	7481
1749	7482
6712	7483
7252	7484
5622	7485
6974	7486
4249	7487
4183	7488
2775	7489
710	7490
2111	7491
3252	7492
4382	7493
2096	7494
3932	7495
278	7496
5740	7497
5967	7498
118	7499
770	7500
4566	7501
6689	7502
4407	7503
3730	7504
7849	7505
8562	7506
794	7507
8413	7508
3833	7509
2403	7510
3992	7511
8	7512
5326	7513
1179	7514
131	7515
3605	7516
48	7517
7716	7518
970	7519
8147	7520
8584	7521
5247	7522
8875	7523
7251	7524
260	7525
6708	7526
8823	7527
5	7528
6704	7529
2756	7530
5313	7531
650	7532
2515	7533
6404	7534
27	7535
3744	7536
7562	7537
6795	7538
4286	7539
394	7540
70	7541
8024	7542
1612	7543
1031	7544
7695	7545
7570	7546
2754	7547
6504	7548
4484	7549
8601	7550
2394	7551
6731	7552
6635	7553
8337	7554
5666	7555
422	7556
1039	7557
2300	7558
1928	7559
3646	7560
116	7561
338	7562
1346	7563
5427	7564
570	7565
101	7566
32	7567
8055	7568
4113	7569
8120	7570
4309	7571
7108	7572
80	7573
6682	7574
5947	7575
5008	7576
5218	7577
2797	7578
4903	7579
3590	7580
103	7581
2391	7582
3513	7583
728	7584
6054	7585
197	7586
5549	7587
325	7588
2922	7589
8553	7590
7670	7591
39	7592
5688	7593
2660	7594
2998	7595
8628	7596
6060	7597
2410	7598
8818	7599
5363	7600
8961	7601
8311	7602
2257	7603
464	7604
72	7605
5964	7606
2780	7607
6549	7608
4059	7609
1538	7610
7648	7611
5909	7612
932	7613
4405	7614
7186	7615
1693	7616
340	7617
7709	7618
4038	7619
920	7620
4739	7621
3159	7622
228	7623
3321	7624
6666	7625
2534	7626
7092	7627
805	7628
290	7629
55	7630
1522	7631
8796	7632
5484	7633
3848	7634
5661	7635
8448	7636
25	7637
5239	7638
1302	7639
303	7640
4082	7641
6663	7642
213	7643
1849	7644
2750	7645
1365	7646
399	7647
1918	7648
3157	7649
6696	7650
3618	7651
8783	7652
7657	7653
3271	7654
1880	7655
5653	7656
1876	7657
2322	7658
4176	7659
5347	7660
5989	7661
4337	7662
2899	7663
7087	7664
2355	7665
6427	7666
7076	7667
7700	7668
8742	7669
4823	7670
3540	7671
44	7672
4844	7673
360	7674
1424	7675
8105	7676
894	7677
312	7678
7329	7679
6509	7680
427	7681
3043	7682
1680	7683
6560	7684
177	7685
4069	7686
3399	7687
2753	7688
8947	7689
8525	7690
4700	7691
3695	7692
459	7693
7964	7694
7717	7695
2653	7696
8726	7697
1853	7698
184	7699
8251	7700
690	7701
5669	7702
6384	7703
2319	7704
3610	7705
6969	7706
1776	7707
1191	7708
490	7709
4306	7710
6774	7711
3584	7712
1270	7713
2014	7714
176	7715
1481	7716
4855	7717
389	7718
4386	7719
5578	7720
8710	7721
1845	7722
408	7723
4978	7724
6032	7725
8960	7726
8747	7727
3855	7728
2203	7729
6558	7730
7998	7731
6400	7732
8142	7733
1875	7734
178	7735
9	7736
6085	7737
6446	7738
62	7739
5168	7740
6021	7741
8666	7742
6275	7743
2444	7744
3643	7745
7526	7746
4043	7747
381	7748
5360	7749
6336	7750
972	7751
8124	7752
3019	7753
594	7754
864	7755
2035	7756
5336	7757
2747	7758
2884	7759
8226	7760
3316	7761
4358	7762
212	7763
3955	7764
6063	7765
1492	7766
6998	7767
248	7768
7131	7769
1932	7770
3815	7771
7683	7772
1144	7773
584	7774
314	7775
4795	7776
8376	7777
1976	7778
7399	7779
3144	7780
8150	7781
246	7782
8382	7783
1265	7784
2681	7785
2599	7786
6101	7787
8561	7788
144	7789
1087	7790
3683	7791
1432	7792
4442	7793
6243	7794
3634	7795
2016	7796
7741	7797
3292	7798
3760	7799
8374	7800
2027	7801
7435	7802
2158	7803
8293	7804
6228	7805
4585	7806
493	7807
5275	7808
6090	7809
4985	7810
7532	7811
2176	7812
1485	7813
7971	7814
1156	7815
5128	7816
3534	7817
967	7818
58	7819
3227	7820
1466	7821
6867	7822
6957	7823
2385	7824
6198	7825
3041	7826
3071	7827
5346	7828
5405	7829
4138	7830
3011	7831
1697	7832
8460	7833
6057	7834
3636	7835
6898	7836
1954	7837
192	7838
8709	7839
5485	7840
882	7841
5394	7842
225	7843
8198	7844
3317	7845
7926	7846
4933	7847
2627	7848
7229	7849
6355	7850
1707	7851
820	7852
7231	7853
2243	7854
1847	7855
1190	7856
7989	7857
657	7858
7897	7859
7009	7860
2407	7861
7934	7862
5019	7863
852	7864
155	7865
7551	7866
7785	7867
2114	7868
7807	7869
5982	7870
7701	7871
7995	7872
1322	7873
3499	7874
3508	7875
1675	7876
3272	7877
1934	7878
2059	7879
194	7880
2927	7881
237	7882
1368	7883
8383	7884
89	7885
2981	7886
2426	7887
4541	7888
1402	7889
457	7890
7822	7891
8787	7892
6846	7893
1860	7894
396	7895
6918	7896
4037	7897
3865	7898
6064	7899
5793	7900
3637	7901
4650	7902
50	7903
8387	7904
1851	7905
1099	7906
3360	7907
3778	7908
3167	7909
825	7910
4097	7911
6392	7912
4946	7913
8969	7914
2673	7915
6430	7916
442	7917
3577	7918
5117	7919
7116	7920
6572	7921
4952	7922
8443	7923
4328	7924
7561	7925
2435	7926
288	7927
16	7928
6	7929
1644	7930
3148	7931
3876	7932
1075	7933
8957	7934
4447	7935
4359	7936
55	7937
1986	7938
8425	7939
5	7940
172	7941
2926	7942
5837	7943
6407	7944
3291	7945
3186	7946
4056	7947
1240	7948
6506	7949
7285	7950
8579	7951
8192	7952
6564	7953
471	7954
6868	7955
2329	7956
4589	7957
3056	7958
5262	7959
1310	7960
68	7961
6348	7962
775	7963
3234	7964
4050	7965
7909	7966
203	7967
400	7968
2134	7969
364	7970
2761	7971
8104	7972
6380	7973
1217	7974
1484	7975
103	7976
5114	7977
1706	7978
14	7979
298	7980
8757	7981
42	7982
3124	7983
4205	7984
4692	7985
8520	7986
5869	7987
4964	7988
7522	7989
417	7990
1722	7991
299	7992
3392	7993
3976	7994
7106	7995
4019	7996
1821	7997
4614	7998
5918	7999
3627	8000
189	8001
6005	8002
7910	8003
3655	8004
2251	8005
2711	8006
7132	8007
7706	8008
4870	8009
3106	8010
7051	8011
206	8012
1347	8013
158	8014
58	8015
6703	8016
1312	8017
6296	8018
1862	8019
4973	8020
4508	8021
5679	8022
7473	8023
2415	8024
1132	8025
6633	8026
7864	8027
33	8028
285	8029
1370	8030
1006	8031
3543	8032
5966	8033
8207	8034
1336	8035
6354	8036
120	8037
8938	8038
5493	8039
2288	8040
8940	8041
4434	8042
4	8043
85	8044
767	8045
3749	8046
8778	8047
488	8048
5671	8049
5956	8050
529	8051
4527	8052
2923	8053
645	8054
327	8055
6058	8056
4658	8057
8805	8058
4537	8059
324	8060
6637	8061
4766	8062
3447	8063
7155	8064
8127	8065
4835	8066
7659	8067
2294	8068
3027	8069
6175	8070
8867	8071
81	8072
8748	8073
2224	8074
1364	8075
5911	8076
2590	8077
5060	8078
4694	8079
7362	8080
5125	8081
4631	8082
1025	8083
149	8084
4538	8085
500	8086
5643	8087
8312	8088
7820	8089
5490	8090
5472	8091
402	8092
6050	8093
4661	8094
7372	8095
6678	8096
6788	8097
10	8098
7109	8099
8305	8100
301	8101
8893	8102
3494	8103
6992	8104
2489	8105
3118	8106
5613	8107
7306	8108
43	8109
6197	8110
6994	8111
564	8112
790	8113
6385	8114
7160	8115
8505	8116
7772	8117
7800	8118
6603	8119
5420	8120
5986	8121
7446	8122
2362	8123
1648	8124
4496	8125
7050	8126
8032	8127
3169	8128
106	8129
27	8130
5130	8131
4248	8132
7535	8133
4481	8134
3357	8135
5481	8136
8	8137
4825	8138
331	8139
6859	8140
4469	8141
1499	8142
105	8143
47	8144
5371	8145
5079	8146
5208	8147
64	8148
6123	8149
141	8150
3688	8151
1890	8152
258	8153
2030	8154
731	8155
2827	8156
435	8157
2425	8158
5766	8159
4140	8160
5532	8161
6084	8162
5875	8163
7088	8164
6690	8165
519	8166
6811	8167
6552	8168
3044	8169
8468	8170
5831	8171
8829	8172
4445	8173
1769	8174
2462	8175
569	8176
4422	8177
3957	8178
3446	8179
1450	8180
6394	8181
6768	8182
8044	8183
590	8184
1796	8185
2748	8186
7714	8187
8911	8188
6006	8189
8607	8190
5133	8191
6104	8192
5338	8193
1636	8194
1506	8195
6481	8196
3031	8197
1126	8198
8788	8199
3086	8200
3300	8201
1042	8202
7707	8203
1654	8204
2051	8205
4548	8206
4371	8207
311	8208
6484	8209
6667	8210
1600	8211
4482	8212
4941	8213
4030	8214
8463	8215
2901	8216
118	8217
204	8218
7305	8219
2369	8220
128	8221
126	8222
3552	8223
982	8224
7980	8225
3085	8226
3592	8227
8409	8228
2277	8229
3724	8230
23	8231
2281	8232
101	8233
4728	8234
7451	8235
4609	8236
8594	8237
7983	8238
8600	8239
466	8240
6794	8241
1103	8242
447	8243
6895	8244
7758	8245
7740	8246
6726	8247
1667	8248
6042	8249
8069	8250
3	8251
6845	8252
5850	8253
3607	8254
4626	8255
5639	8256
348	8257
2223	8258
1187	8259
4348	8260
3662	8261
6831	8262
357	8263
1502	8264
8501	8265
5301	8266
518	8267
5658	8268
5579	8269
2700	8270
1029	8271
6037	8272
4869	8273
1883	8274
7620	8275
3737	8276
39	8277
1579	8278
114	8279
5051	8280
826	8281
4374	8282
15	8283
6267	8284
8074	8285
2786	8286
115	8287
8688	8288
104	8289
2885	8290
12	8291
4372	8292
5135	8293
876	8294
6580	8295
4735	8296
7309	8297
3621	8298
6650	8299
122	8300
878	8301
4264	8302
2303	8303
5333	8304
6854	8305
6349	8306
8855	8307
135	8308
2215	8309
3987	8310
7672	8311
6141	8312
4824	8313
6973	8314
4063	8315
7220	8316
374	8317
3082	8318
19	8319
118	8320
4936	8321
2839	8322
7513	8323
463	8324
4947	8325
2222	8326
6008	8327
69	8328
2333	8329
6929	8330
2	8331
7946	8332
2028	8333
83	8334
294	8335
930	8336
6044	8337
3888	8338
7832	8339
3200	8340
4490	8341
5282	8342
3881	8343
3807	8344
6937	8345
4134	8346
7438	8347
105	8348
1262	8349
8625	8350
2994	8351
655	8352
2336	8353
5732	8354
226	8355
502	8356
2970	8357
7835	8358
798	8359
2439	8360
6989	8361
7037	8362
3731	8363
1016	8364
2102	8365
593	8366
8088	8367
153	8368
63	8369
1677	8370
5534	8371
7843	8372
706	8373
5200	8374
3629	8375
4509	8376
4244	8377
25	8378
8632	8379
4953	8380
1112	8381
1702	8382
6671	8383
253	8384
8630	8385
4055	8386
3016	8387
475	8388
5817	8389
1795	8390
164	8391
2266	8392
8524	8393
884	8394
10	8395
5	8396
1750	8397
3989	8398
5108	8399
8115	8400
7403	8401
62	8402
562	8403
8595	8404
5334	8405
7572	8406
6942	8407
4406	8408
6250	8409
6083	8410
3925	8411
412	8412
315	8413
6254	8414
2137	8415
7728	8416
5177	8417
7310	8418
5463	8419
5046	8420
7914	8421
7208	8422
449	8423
2195	8424
1593	8425
5570	8426
7993	8427
455	8428
4775	8429
30	8430
4419	8431
6346	8432
3885	8433
1714	8434
1034	8435
7048	8436
8129	8437
4807	8438
2833	8439
5528	8440
4679	8441
3023	8442
492	8443
62	8444
104	8445
6874	8446
5917	8447
152	8448
8517	8449
653	8450
8639	8451
5514	8452
3127	8453
8672	8454
2509	8455
10	8456
7485	8457
3569	8458
6322	8459
2938	8460
383	8461
8236	8462
4102	8463
1271	8464
5021	8465
2446	8466
2523	8467
7412	8468
5743	8469
2354	8470
3403	8471
8847	8472
3945	8473
5005	8474
5452	8475
3825	8476
6971	8477
2117	8478
7195	8479
3700	8480
1248	8481
5889	8482
8523	8483
1084	8484
4187	8485
1529	8486
7029	8487
8354	8488
1946	8489
8433	8490
302	8491
6888	8492
8345	8493
2465	8494
7064	8495
683	8496
4550	8497
218	8498
7104	8499
8007	8500
486	8501
425	8502
7189	8503
7402	8504
6086	8505
3108	8506
1995	8507
3554	8508
102	8509
5796	8510
3985	8511
8166	8512
5292	8513
8206	8514
7761	8515
2470	8516
78	8517
7022	8518
5294	8519
4559	8520
1489	8521
7056	8522
4297	8523
756	8524
788	8525
17	8526
3400	8527
8723	8528
447	8529
5954	8530
830	8531
4220	8532
8504	8533
7680	8534
6122	8535
3052	8536
3574	8537
198	8538
1227	8539
6767	8540
3951	8541
8884	8542
7923	8543
2256	8544
1258	8545
2859	8546
1319	8547
286	8548
4592	8549
1620	8550
7534	8551
6189	8552
5381	8553
123	8554
4618	8555
8123	8556
59	8557
426	8558
4991	8559
3659	8560
1157	8561
4612	8562
7941	8563
3129	8564
7547	8565
3286	8566
3141	8567
8450	8568
4126	8569
262	8570
7666	8571
490	8572
4300	8573
7575	8574
7747	8575
6588	8576
2980	8577
6462	8578
895	8579
5815	8580
2197	8581
3382	8582
2346	8583
5874	8584
1953	8585
8085	8586
2645	8587
2276	8588
3952	8589
3048	8590
4664	8591
7001	8592
6291	8593
4506	8594
1782	8595
8817	8596
8006	8597
7530	8598
7449	8599
4171	8600
4312	8601
4074	8602
5744	8603
8943	8604
1401	8605
1423	8606
7010	8607
3460	8608
54	8609
7424	8610
306	8611
2450	8612
8795	8613
398	8614
3892	8615
2856	8616
6053	8617
136	8618
66	8619
6843	8620
154	8621
32	8622
6432	8623
3387	8624
2029	8625
5131	8626
620	8627
8512	8628
34	8629
5191	8630
501	8631
7994	8632
89	8633
3571	8634
7269	8635
3805	8636
1428	8637
1797	8638
7854	8639
358	8640
5042	8641
544	8642
3796	8643
3984	8644
8516	8645
167	8646
945	8647
47	8648
5082	8649
2731	8650
137	8651
7710	8652
7603	8653
2693	8654
6393	8655
5713	8656
8488	8657
8703	8658
7139	8659
5138	8660
7760	8661
4243	8662
6299	8663
426	8664
8654	8665
3214	8666
8068	8667
6602	8668
2207	8669
3293	8670
4151	8671
1606	8672
5437	8673
8651	8674
4334	8675
6364	8676
4651	8677
78	8678
4858	8679
1800	8680
6852	8681
522	8682
4150	8683
5242	8684
4364	8685
4994	8686
2383	8687
2364	8688
2773	8689
2621	8690
2623	8691
11	8692
1288	8693
8025	8694
2732	8695
6023	8696
7483	8697
1491	8698
7379	8699
8836	8700
5298	8701
4499	8702
4115	8703
5637	8704
5789	8705
2052	8706
5092	8707
4906	8708
3779	8709
3373	8710
294	8711
4888	8712
5454	8713
8056	8714
607	8715
5003	8716
86	8717
2206	8718
3100	8719
60	8720
6465	8721
8333	8722
2668	8723
2315	8724
5582	8725
265	8726
4683	8727
1892	8728
7102	8729
1913	8730
7684	8731
2237	8732
6160	8733
32	8734
5039	8735
4874	8736
1397	8737
2822	8738
8644	8739
8001	8740
114	8741
1169	8742
156	8743
1720	8744
7321	8745
6518	8746
6079	8747
897	8748
1580	8749
6153	8750
8360	8751
3123	8752
3901	8753
8660	8754
7774	8755
8118	8756
467	8757
583	8758
8306	8759
8661	8760
6353	8761
8013	8762
7357	8763
3180	8764
164	8765
8797	8766
8161	8767
1376	8768
5236	8769
5398	8770
1637	8771
1078	8772
5491	8773
4779	8774
1992	8775
89	8776
1712	8777
8946	8778
4904	8779
4443	8780
1404	8781
8187	8782
246	8783
6	8784
8469	8785
2737	8786
792	8787
6069	8788
6575	8789
6930	8790
8955	8791
4380	8792
8035	8793
2478	8794
3028	8795
709	8796
1498	8797
3284	8798
7354	8799
2661	8800
3699	8801
3671	8802
6286	8803
6193	8804
5453	8805
101	8806
17	8807
5009	8808
45	8809
8149	8810
812	8811
1547	8812
465	8813
52	8814
2712	8815
804	8816
624	8817
4245	8818
7646	8819
4261	8820
4081	8821
745	8822
4726	8823
469	8824
8136	8825
7383	8826
2723	8827
6317	8828
8690	8829
6479	8830
3096	8831
1939	8832
8702	8833
7789	8834
4114	8835
6237	8836
4360	8837
3097	8838
2985	8839
5099	8840
6740	8841
5567	8842
384	8843
5097	8844
2626	8845
8542	8846
7936	8847
5032	8848
5100	8849
842	8850
7682	8851
2521	8852
5594	8853
1874	8854
1545	8855
6617	8856
6844	8857
8343	8858
828	8859
7755	8860
3626	8861
2646	8862
7000	8863
1388	8864
3739	8865
1142	8866
2343	8867
6087	8868
4121	8869
1457	8870
5755	8871
414	8872
2036	8873
7623	8874
8941	8875
1292	8876
2850	8877
187	8878
4417	8879
8246	8880
7407	8881
6272	8882
4342	8883
3604	8884
2401	8885
6412	8886
242	8887
503	8888
4598	8889
6082	8890
261	8891
4376	8892
6381	8893
80	8894
2655	8895
3319	8896
7358	8897
6240	8898
3893	8899
5575	8900
2144	8901
2518	8902
3711	8903
1138	8904
5195	8905
5552	8906
1013	8907
7351	8908
3210	8909
6009	8910
2564	8911
8163	8912
44	8913
2707	8914
6651	8915
8169	8916
5110	8917
2876	8918
409	8919
4478	8920
3764	8921
3559	8922
5361	8923
1855	8924
6421	8925
3632	8926
7990	8927
2075	8928
108	8929
636	8930
8729	8931
4169	8932
5924	8933
7382	8934
5864	8935
71	8936
3816	8937
4997	8938
1794	8939
8046	8940
2862	8941
482	8942
990	8943
7300	8944
220	8945
8137	8946
2118	8947
2691	8948
39	8949
8327	8950
6328	8951
7825	8952
5978	8953
7615	8954
8288	8955
4856	8956
3486	8957
8422	8958
181	8959
46	8960
7750	8961
739	8962
8605	8963
2890	8964
3354	8965
6	8966
5617	8967
7818	8968
3012	8969
5435	8970
4778	8971
5386	8972
5163	8973
2878	8974
53	8975
5737	8976
3685	8977
5535	8978
8176	8979
4101	8980
5348	8981
7866	8982
7702	8983
5417	8984
4743	8985
8585	8986
7197	8987
45	8988
8903	8989
7819	8990
1257	8991
46	8992
3142	8993
6717	8994
8508	8995
7360	8996
4199	8997
3840	8998
515	8999
8210	9000
5276	9001
1567	9002
5113	9003
458	9004
2011	9005
201	9006
1807	9007
2602	9008
872	9009
4860	9010
7783	9011
4896	9012
4467	9013
8171	9014
6905	9015
5500	9016
8416	9017
3620	9018
27	9019
2293	9020
8617	9021
5412	9022
1313	9023
3979	9024
3453	9025
2595	9026
2805	9027
1124	9028
7895	9029
366	9030
7607	9031
4890	9032
6718	9033
8173	9034
7245	9035
4020	9036
6124	9037
7865	9038
8410	9039
532	9040
66	9041
7867	9042
5229	9043
6027	9044
6734	9045
5267	9046
431	9047
664	9048
1158	9049
4439	9050
3753	9051
3793	9052
8985	9053
8016	9054
3856	9055
8886	9056
2471	9057
8878	9058
6142	9059
8216	9060
6245	9061
470	9062
6461	9063
6779	9064
4785	9065
622	9066
5809	9067
2479	9068
6418	9069
42	9070
7405	9071
4875	9072
8676	9073
3777	9074
7112	9075
6004	9076
6921	9077
868	9078
1260	9079
3830	9080
1439	9081
7334	9082
228	9083
311	9084
4808	9085
8037	9086
419	9087
223	9088
7991	9089
484	9090
6705	9091
8755	9092
4812	9093
7016	9094
4433	9095
4444	9096
170	9097
7437	9098
2156	9099
1384	9100
3249	9101
1615	9102
6792	9103
6923	9104
7260	9105
5537	9106
1773	9107
2877	9108
442	9109
3039	9110
6748	9111
8578	9112
134	9113
7806	9114
510	9115
109	9116
2572	9117
5734	9118
2553	9119
17	9120
2719	9121
3469	9122
2432	9123
3824	9124
8495	9125
6554	9126
3309	9127
8637	9128
3296	9129
2126	9130
295	9131
17	9132
2361	9133
4385	9134
281	9135
5819	9136
3943	9137
232	9138
8414	9139
8281	9140
3007	9141
5471	9142
8883	9143
4643	9144
6000	9145
330	9146
5159	9147
3177	9148
2093	9149
6139	9150
5888	9151
1410	9152
6120	9153
2427	9154
2664	9155
3361	9156
3203	9157
7955	9158
2699	9159
3421	9160
7423	9161
5	9162
80	9163
3176	9164
11	9165
1224	9166
2838	9167
669	9168
4965	9169
2794	9170
379	9171
631	9172
4685	9173
5066	9174
5199	9175
644	9176
119	9177
5450	9178
8749	9179
343	9180
132	9181
8229	9182
1756	9183
48	9184
4977	9185
2947	9186
6420	9187
2584	9188
171	9189
8722	9190
3673	9191
4554	9192
1386	9193
504	9194
7906	9195
6289	9196
88	9197
881	9198
8332	9199
41	9200
8680	9201
3906	9202
647	9203
1729	9204
4383	9205
3565	9206
5271	9207
230	9208
7409	9209
2282	9210
6869	9211
284	9212
7945	9213
8151	9214
5597	9215
7456	9216
6337	9217
4979	9218
6653	9219
1359	9220
1241	9221
7516	9222
3091	9223
5527	9224
8556	9225
640	9226
2165	9227
2485	9228
2823	9229
3384	9230
76	9231
3153	9232
8619	9233
313	9234
8099	9235
5752	9236
1273	9237
1011	9238
4515	9239
4600	9240
7130	9241
533	9242
5161	9243
5724	9244
6782	9245
4119	9246
1724	9247
1178	9248
5821	9249
2526	9250
4495	9251
7831	9252
499	9253
140	9254
4492	9255
4332	9256
6948	9257
1320	9258
6631	9259
4001	9260
6700	9261
1215	9262
2951	9263
5577	9264
4365	9265
6028	9266
2213	9267
5142	9268
4305	9269
2903	9270
4756	9271
8096	9272
1846	9273
46	9274
264	9275
3709	9276
4149	9277
5913	9278
7023	9279
224	9280
7233	9281
6319	9282
7957	9283
3966	9284
5872	9285
2806	9286
2352	9287
7014	9288
8021	9289
169	9290
5310	9291
105	9292
4709	9293
5764	9294
1806	9295
249	9296
4197	9297
211	9298
3219	9299
5251	9300
1393	9301
3289	9302
7567	9303
1842	9304
5227	9305
1771	9306
475	9307
309	9308
4998	9309
1183	9310
8289	9311
6163	9312
2131	9313
1673	9314
3390	9315
6183	9316
5922	9317
5458	9318
8801	9319
8618	9320
8062	9321
3488	9322
2434	9323
4840	9324
4168	9325
6596	9326
1828	9327
6579	9328
2360	9329
5211	9330
3965	9331
3781	9332
3517	9333
3304	9334
2196	9335
8569	9336
8004	9337
8058	9338
3484	9339
63	9340
2616	9341
7075	9342
2808	9343
8277	9344
1180	9345
988	9346
1922	9347
5507	9348
957	9349
8560	9350
3831	9351
1475	9352
8486	9353
2508	9354
342	9355
4963	9356
7	9357
61	9358
27	9359
6072	9360
6458	9361
232	9362
4911	9363
2088	9364
6232	9365
336	9366
3139	9367
4	9368
4400	9369
7448	9370
7293	9371
19	9372
428	9373
4703	9374
8131	9375
84	9376
362	9377
386	9378
31	9379
6192	9380
1448	9381
3355	9382
2228	9383
6614	9384
3363	9385
47	9386
8259	9387
2492	9388
53	9389
8237	9390
5773	9391
582	9392
3356	9393
4773	9394
320	9395
6015	9396
5792	9397
1864	9398
5419	9399
8687	9400
1841	9401
4137	9402
1775	9403
7616	9404
5054	9405
5725	9406
1362	9407
8663	9408
40	9409
397	9410
3964	9411
1583	9412
2044	9413
3503	9414
4397	9415
4854	9416
6116	9417
8928	9418
4067	9419
4075	9420
8803	9421
1449	9422
76	9423
7970	9424
6979	9425
2671	9426
7862	9427
9	9428
2937	9429
3847	9430
8204	9431
5626	9432
8266	9433
7367	9434
8510	9435
1261	9436
774	9437
6377	9438
1544	9439
2710	9440
6556	9441
2356	9442
1780	9443
2912	9444
44	9445
143	9446
7969	9447
293	9448
7959	9449
7278	9450
15	9451
2525	9452
6931	9453
2106	9454
1218	9455
4112	9456
7790	9457
8975	9458
402	9459
2061	9460
6334	9461
4017	9462
5797	9463
35	9464
7291	9465
1453	9466
3325	9467
3267	9468
1575	9469
5866	9470
150	9471
5798	9472
5011	9473
3458	9474
6882	9475
8870	9476
3235	9477
2676	9478
7593	9479
6145	9480
4727	9481
4128	9482
5414	9483
1809	9484
112	9485
8095	9486
6785	9487
7811	9488
7425	9489
126	9490
1102	9491
8442	9492
789	9493
5219	9494
6996	9495
8708	9496
4960	9497
218	9498
3729	9499
59	9500
8310	9501
4270	9502
4035	9503
6619	9504
4535	9505
3163	9506
1649	9507
7281	9508
3004	9509
374	9510
8531	9511
3575	9512
7833	9513
4619	9514
3647	9515
5858	9516
4962	9517
2746	9518
8247	9519
1695	9520
5907	9521
5086	9522
31	9523
843	9524
320	9525
1441	9526
4161	9527
1534	9528
385	9529
6916	9530
1625	9531
2270	9532
8260	9533
4838	9534
6529	9535
7249	9536
8712	9537
7952	9538
324	9539
85	9540
1101	9541
5768	9542
3098	9543
7273	9544
1987	9545
8298	9546
8638	9547
6615	9548
34	9549
3515	9550
8547	9551
2881	9552
1	9553
3034	9554
5480	9555
5655	9556
4805	9557
3239	9558
2917	9559
4314	9560
5828	9561
7602	9562
2650	9563
1835	9564
7192	9565
5757	9566
7724	9567
7880	9568
1407	9569
4022	9570
4432	9571
2769	9572
2642	9573
4294	9574
202	9575
2019	9576
5328	9577
168	9578
3692	9579
7621	9580
890	9581
3851	9582
6833	9583
1629	9584
3941	9585
2493	9586
8010	9587
24	9588
236	9589
3059	9590
4	9591
726	9592
5269	9593
4486	9594
6234	9595
4892	9596
2555	9597
5811	9598
5228	9599
3398	9600
2658	9601
7100	9602
5739	9603
7028	9604
869	9605
7261	9606
1234	9607
2086	9608
1645	9609
785	9610
1220	9611
432	9612
7311	9613
7590	9614
5508	9615
2795	9616
180	9617
5684	9618
4052	9619
7916	9620
5402	9621
2261	9622
465	9623
7576	9624
7632	9625
1252	9626
4034	9627
5595	9628
3679	9629
504	9630
1893	9631
3658	9632
3147	9633
5848	9634
8030	9635
8535	9636
2317	9637
1192	9638
8033	9639
1440	9640
1085	9641
8301	9642
948	9643
6467	9644
7201	9645
169	9646
28	9647
6547	9648
4818	9649
113	9650
7892	9651
8392	9652
2952	9653
6952	9654
7975	9655
8335	9656
135	9657
4196	9658
2751	9659
8372	9660
291	9661
3549	9662
4751	9663
1854	9664
3532	9665
3772	9666
26	9667
3231	9668
7348	9669
365	9670
26	9671
6533	9672
63	9673
6338	9674
3103	9675
4688	9676
3734	9677
7203	9678
3580	9679
97	9680
4851	9681
5716	9682
7161	9683
1014	9684
1494	9685
7678	9686
3258	9687
4057	9688
2463	9689
432	9690
6638	9691
6395	9692
5894	9693
4723	9694
8138	9695
3228	9696
4212	9697
5081	9698
122	9699
2406	9700
6135	9701
1119	9702
1754	9703
4477	9704
1176	9705
8308	9706
813	9707
1671	9708
7509	9709
1055	9710
4389	9711
2696	9712
4289	9713
6885	9714
6211	9715
8462	9716
5867	9717
1917	9718
7179	9719
5523	9720
1276	9721
1705	9722
3661	9723
1415	9724
4142	9725
7288	9726
7759	9727
8322	9728
6350	9729
6081	9730
5556	9731
7689	9732
6165	9733
3351	9734
963	9735
1019	9736
3054	9737
270	9738
7987	9739
1744	9740
4810	9741
6436	9742
2813	9743
3471	9744
3436	9745
7764	9746
1463	9747
4468	9748
8378	9749
8364	9750
784	9751
1856	9752
6706	9753
7847	9754
4871	9755
6279	9756
549	9757
6821	9758
1296	9759
3837	9760
8761	9761
364	9762
720	9763
127	9764
2744	9765
6745	9766
140	9767
4065	9768
3160	9769
6067	9770
1660	9771
2570	9772
138	9773
3429	9774
5657	9775
6486	9776
999	9777
6102	9778
2379	9779
1803	9780
2976	9781
8402	9782
5526	9783
5742	9784
3742	9785
22	9786
1066	9787
8774	9788
8936	9789
7432	9790
2408	9791
5901	9792
4280	9793
5215	9794
3465	9795
5678	9796
4919	9797
2023	9798
2529	9799
14	9800
602	9801
2954	9802
8487	9803
5902	9804
268	9805
5410	9806
7212	9807
6822	9808
5104	9809
2778	9810
2500	9811
8905	9812
8662	9813
4986	9814
147	9815
4914	9816
688	9817
8576	9818
3313	9819
5272	9820
5259	9821
2864	9822
8048	9823
8609	9824
994	9825
6342	9826
7439	9827
3430	9828
2063	9829
2420	9830
7839	9831
8582	9832
6221	9833
666	9834
2250	9835
4673	9836
6370	9837
8064	9838
360	9839
6967	9840
5281	9841
1753	9842
6686	9843
1582	9844
3036	9845
6372	9846
8673	9847
1689	9848
460	9849
4338	9850
1972	9851
3084	9852
1427	9853
42	9854
321	9855
5184	9856
7365	9857
5557	9858
67	9859
7465	9860
837	9861
248	9862
3474	9863
5351	9864
8022	9865
398	9866
3193	9867
273	9868
5835	9869
58	9870
8242	9871
1229	9872
5957	9873
275	9874
5350	9875
4200	9876
2872	9877
8170	9878
6801	9879
489	9880
1295	9881
5699	9882
1603	9883
2057	9884
1008	9885
1170	9886
6115	9887
7153	9888
5770	9889
1898	9890
5048	9891
8278	9892
4357	9893
1	9894
5546	9895
8042	9896
6133	9897
4567	9898
7763	9899
412	9900
766	9901
8408	9902
7150	9903
5735	9904
2483	9905
349	9906
154	9907
6691	9908
3050	9909
2501	9910
752	9911
175	9912
4776	9913
3991	9914
2825	9915
1160	9916
6055	9917
377	9918
483	9919
406	9920
2392	9921
34	9922
171	9923
4686	9924
1759	9925
1804	9926
1732	9927
6488	9928
2705	9929
4536	9930
7040	9931
7972	9932
2924	9933
404	9934
7385	9935
2342	9936
1525	9937
6260	9938
8739	9939
1562	9940
4845	9941
6065	9942
4141	9943
5962	9944
5448	9945
1068	9946
4732	9947
5408	9948
204	9949
7065	9950
8078	9951
5432	9952
2987	9953
7996	9954
7586	9955
3055	9956
3537	9957
8519	9958
7294	9959
2984	9960
7120	9961
4241	9962
216	9963
845	9964
6985	9965
5605	9966
3412	9967
1621	9968
7524	9969
1535	9970
177	9971
503	9972
1755	9973
6604	9974
7896	9975
3324	9976
7686	9977
1509	9978
3687	9979
8807	9980
1458	9981
2272	9982
5642	9983
6278	9984
3265	9985
4182	9986
5044	9987
2777	9988
3947	9989
6041	9990
296	9991
2720	9992
2068	9993
7066	9994
1968	9995
210	9996
1456	9997
8060	9998
684	9999
7704	10000
