464	101	5	4.27
143	151	3	4.47
148	422	9	67.76
101	1094	8	27.34
149	639	4	28.07
3674	3583	3	62.47
106	2438	4	24.54
101	2372	5	22.28
169	414	4	27.1
327	133	8	45.71
2415	2430	6	134.62
934	14	5	9
105	530	6	15.38
106	3210	3	17.42
139	142	16	60.07
2205	150	5	55.05
145	117	9	13.53
2648	102	4	21.19
115	151	8	11.11
1402	102	7	34.24
101	1902	4	13.67
173	111	7	9.73
1133	14	6	15.36
142	116	6	4.65
2	8	7	4.42
1087	14	5	10.16
102	2856	4	23.77
225	358	3	21.17
101	2414	3	10.25
111	462	3	8
129	150	9	24.09
1052	14	9	30.65
101	840	5	8.97
696	102	11	45.48
201	111	4	4.21
1	2	6	13.48
134	981	5	37.66
272	107	10	30.25
110	101	221	220.39
101	3139	3	11.74
110	168	7	8.54
4291	4565	3	71.47
240	447	3	23.69
103	1501	3	9.87
346	108	5	12.94
5298	14	3	17.25
334	118	3	8.97
483	14	7	8.16
113	442	3	8.11
127	330	6	29.67
979	655	3	36.79
1541	1335	3	45.76
2206	107	7	61.83
193	114	5	6.65
141	329	5	26.76
117	158	24	95.94
304	255	3	21.08
163	122	5	9.19
198	144	8	36.63
487	104	4	6.64
1944	102	3	11.23
121	186	3	4.2
750	14	6	10.08
101	1206	3	4.8
1907	1899	5	92.84
189	118	7	18.73
351	14	10	10.59
103	556	16	77.13
106	1430	4	17.94
869	2286	3	45
783	14	9	23.51
103	1323	3	8.81
101	447	12	26.97
106	103	187	136.85
1432	14	4	9.4
190	205	4	20.41
147	158	5	14.29
2198	102	7	50.26
769	5	3	28.69
137	122	6	6.22
190	107	26	92.45
1769	109	3	16.09
103	1161	4	12.96
106	260	8	14.16
149	124	16	55.14
128	148	4	4.38
1285	127	3	19.95
448	14	6	4.85
682	156	22	260.63
841	14	8	19.61
103	2683	4	22.28
417	14	19	52.03
104	1492	3	10.19
101	3990	3	13.87
104	1448	3	10.19
101	3938	4	24.37
101	1293	5	13.92
101	1241	5	13.09
1135	107	3	11.77
1250	101	3	4.8
960	102	3	6.16
114	454	4	13.48
121	124	11	14.12
316	102	10	19.35
154	143	4	7.89
103	255	24	80.84
106	1329	4	17.13
101	1377	4	9.87
377	208	6	49.94
341	117	6	24.95
2004	102	6	34.19
101	1495	4	10.63
172	406	3	18.8
1275	113	3	15.08
1128	102	3	7.2
125	121	7	4.9
658	14	7	11.68
2221	115	7	70.56
159	330	3	15.88
133	170	5	12.53
1913	12	6	33.61
691	14	7	12.7
106	511	4	8.57
103	1472	4	15.74
101	225	10	4.03
118	180	4	6.17
105	326	5	6.09
155	5722	3	38.2
170	429	3	18.96
241	129	3	8.31
3304	105	3	16.07
276	110	4	7.57
107	165	7	5.55
101	687	4	4.43
136	1658	3	23.46
101	731	8	19.74
317	147	3	13.39
122	139	21	67.23
116	1954	3	20.59
354	102	22	86.82
874	111	3	11.76
151	164	6	22.35
109	880	3	10.86
204	117	11	40.98
518	186	3	21.47
4116	116	3	26.64
179	174	4	16.43
543	118	3	12.32
145	130	5	7.08
115	108	20	5.34
109	2207	3	17.94
12	332	19	63.54
165	142	26	161.34
12	129	25	4.34
184	263	5	31.62
101	987	4	7.08
101	943	6	14.81
106	767	5	17.18
223	14	20	21.18
101	868	11	40.37
111	166	5	3.85
160	184	5	21.44
2075	484	3	40.23
119	104	44	32.96
780	102	5	13.27
1829	102	4	16.63
583	103	3	4.18
135	174	7	24.07
101	2008	6	27.75
122	214	3	5.93
371	121	17	121.53
103	839	3	6.02
263	207	5	34.55
688	113	9	54.53
828	102	5	13.74
102	2835	3	13.39
319	109	5	11.98
717	113	6	31.25
109	1936	3	16.94
660	103	3	4.7
1063	108	5	25.74
106	770	7	29.22
106	846	7	30.77
1660	102	3	9.71
675	102	19	106.57
279	140	3	11.07
117	704	4	19.93
142	450	3	15.38
218	142	4	14.42
145	150	8	26.09
101	1753	6	25.39
179	165	3	10.09
161	785	3	22.35
115	179	10	25.88
103	959	7	28.68
103	2672	3	14.2
198	121	7	21.63
163	145	3	6.14
291	118	4	12.47
136	193	3	6.86
988	101	4	7.08
101	1113	13	67.62
2098	101	4	13.67
304	2971	5	78.44
101	1248	3	4.8
281	144	10	64.43
1154	114	3	14.22
102	686	4	7.91
101	406	14	32.52
106	136	24	22.07
101	488	5	4.47
380	189	3	19.26
475	128	6	35.43
484	105	8	23.72
110	586	22	172.42
378	156	3	15.83
1767	1030	6	101.09
181	123	5	11.5
473	14	11	21.26
3548	108	3	22.75
1622	207	4	44.2
1279	121	3	18.83
326	145	3	13.31
104	483	11	40.13
206	118	9	32.06
2527	116	3	22.84
171	248	6	37.99
305	323	4	33.33
1201	113	3	14.6
1309	102	6	25.53
102	1697	3	10.42
118	160	10	26.52
101	1500	7	28.61
2208	102	4	19.33
213	122	4	9.93
144	160	4	9.61
332	219	3	20.29
130	558	7	47.55
1318	106	5	23.11
176	118	14	52.04
125	103	34	18
285	21	3	11.96
1221	103	3	8.35
437	953	6	77.57
150	192	3	8.92
114	282	4	8.8
1386	14	4	8.66
103	284	11	23.44
5049	14	3	17.25
136	545	10	79.34
106	1184	6	29.34
150	122	5	6.69
1899	102	3	11.23
2946	113	3	22.27
140	124	6	6.87
1770	111	3	17.02
950	102	4	10.43
5457	102	3	21.54
101	3058	3	11.74
431	14	14	29.63
229	574	3	24.93
131	115	11	10.84
305	232	4	29.29
199	243	3	16.18
124	123	10	12.16
137	145	8	20.41
105	1069	4	12.84
220	122	5	14.93
102	3389	3	17.1
434	104	4	5.61
133	509	4	21.64
105	1672	3	10.82
121	259	3	7.59
281	296	3	21.82
913	12	3	5.61
189	106	7	4.38
113	145	54	224.22
286	257	4	30
151	133	5	8.91
101	1768	3	7.4
106	1893	5	29.66
103	942	4	11.44
104	3262	3	16.07
103	1046	3	7.56
648	102	3	4.04
126	237	3	7.84
504	267	3	25.36
882	104	3	6.58
394	113	14	78.58
468	102	6	12.01
112	1315	3	14.74
110	879	3	11.6
109	1780	6	43.45
101	2241	3	9.1
146	448	3	15.87
134	167	3	4.85
349	103	5	6.2
344	1172	3	33.07
655	106	3	6.12
598	103	4	7.77
1384	121	3	19.37
309	152	3	13.99
104	2288	4	20.86
228	109	5	7.73
101	757	6	11.81
101	825	4	5.57
12	352	16	49.31
138	104	64	141.13
218	491	3	23.17
101	2101	4	13.67
246	128	30	226.38
101	3371	3	11.74
105	1421	4	16.19
111	1144	3	13.57
1096	110	9	62.83
107	629	3	8.03
101	257	15	19.28
101	315	23	60.56
105	668	4	8.97
153	251	3	12.35
835	102	6	18.79
171	104	18	25.44
105	1866	3	11.53
150	117	7	10.02
286	961	4	43.04
109	253	37	222.35
144	147	17	75.83
1239	14	4	7.42
103	223	8	7.27
101	1576	3	6.74
970	14	5	9
898	116	12	99.68
121	152	7	13.01
161	337	5	32.67
274	142	6	31.12
117	173	11	33.08
248	117	3	6.08
158	386	3	16.78
104	1407	5	21.88
697	102	3	4.42
220	117	5	12.42
101	2689	5	25.15
747	203	5	47.64
149	152	4	9.46
202	139	7	29.46
257	119	4	11.98
2272	14	3	8.16
121	1413	3	19.37
156	105	13	5.69
329	156	5	30.1
752	108	6	28.42
205	121	5	13.48
160	259	3	13.84
106	684	6	21.31
143	267	5	23.76
211	149	3	10.37
1415	7	10	91.78
126	101	122	191.88
648	109	3	9.08
102	187	19	27.33
589	224	4	35.17
103	2313	3	13
1306	12	3	7.79
259	12	8	8.29
331	118	7	32.35
117	726	4	20.28
622	105	7	22.48
2456	14	5	23.47
104	1656	6	32.15
503	156	7	54.7
728	105	3	5.59
1452	14	4	9.4
122	158	4	5.06
103	793	4	9.84
1302	102	5	19.02
114	679	5	23.28
1334	102	4	13.89
201	124	3	5.54
107	328	3	4.14
191	122	3	4.55
101	2534	3	10.25
107	118	24	15.24
138	148	10	31.47
106	887	3	8.09
840	14	4	4.53
101	671	12	38.59
101	595	8	16.62
681	140	4	25.66
129	122	7	6.26
101	2595	5	25.15
146	288	3	12.22
101	4616	3	18.27
101	4512	3	18.27
117	945	3	15.21
197	328	3	18.64
1548	319	3	35.13
102	369	5	5.76
1392	14	3	4.8
103	690	7	23.43
2654	14	3	9.29
109	2380	5	37.37
102	221	7	3.84
1745	110	3	16.85
253	226	7	55.02
104	3212	3	16.07
543	105	3	4.13
115	121	15	15.25
192	101	39	73.65
1077	102	3	6.82
139	283	10	61.73
111	225	4	5.57
4123	113	3	24.49
109	1830	4	24.3
152	149	5	13.84
3850	14	4	23.01
702	14	11	30.6
250	154	3	12.39
109	1170	5	26.81
981	14	6	13.71
156	146	3	4.94
522	102	4	5.97
617	101	12	36.43
115	721	3	12.42
101	1174	3	4.43
136	194	4	11.27
101	1309	5	13.92
107	1805	4	23.08
109	353	12	53.4
338	257	3	22.13
1347	110	3	14.87
141	167	7	24.86
632	106	3	5.92
101	3869	3	13.87
908	14	4	5.19
150	130	4	5.55
237	109	5	8.31
103	336	17	59.28
852	109	3	10.86
101	240	17	22.52
199	153	5	20.85
131	140	10	23.46
127	1561	4	31.83
2612	102	4	21.19
924	312	3	31.04
395	101	7	6.98
321	173	5	33.51
1818	102	3	10.42
118	104	53	45.54
159	142	12	51.99
244	105	8	10.21
1684	12	4	15.22
2188	14	3	8.16
153	108	8	5.48
226	14	23	31.43
171	147	7	27.97
12	2238	3	11.92
101	1129	4	8.04
346	1225	3	33.64
113	117	18	11.6
154	253	3	12.39
536	113	6	27.48
104	1487	4	16.18
109	536	3	8.11
101	3923	3	13.87
117	142	46	203.39
209	156	5	22.56
117	214	5	11.95
1257	14	3	4.37
125	1238	3	18.95
1183	142	3	21.87
120	576	3	13.4
137	117	9	11.02
107	995	3	10.99
12	1099	3	6.57
404	103	4	4.82
299	108	3	4.03
788	12	8	28.64
104	467	15	64.65
1407	12	3	8.28
5278	837	3	54.24
140	152	7	19.32
101	3788	3	13.87
104	1233	7	33.91
115	1058	3	14.95
101	1382	8	33.85
106	1335	3	10.91
4095	7	3	26.26
101	1484	6	21.88
341	122	10	57.73
360	124	4	16.29
183	114	6	9
574	213	3	24.05
109	790	4	16.07
102	552	4	6.17
102	492	4	5.58
654	14	8	15.4
227	103	8	8.03
101	1992	3	8.18
241	186	29	291.68
191	145	5	17.75
1320	12	3	7.79
109	3224	4	31.58
101	622	11	31.15
101	674	4	4.19
103	1987	3	12.03
891	12	3	5.61
3429	14	4	23.01
2358	102	4	19.33
12	5098	3	21.25
385	109	3	5.91
134	126	11	22.43
2236	102	4	19.33
104	723	9	37.08
107	349	3	4.47
12	186	11	6.22
174	421	3	18.94
101	1048	5	11.66
504	108	3	7.44
1675	156	6	63.36
143	163	3	5.94
102	169	31	59.92
112	579	3	9.57
612	108	4	13.57
307	145	5	26.19
1259	121	7	58.66
112	445	5	18.14
103	1019	6	23.2
101	1633	5	17.08
1433	4122	3	54.08
139	158	3	4.65
2177	149	3	28.42
177	144	3	6.89
204	122	7	23.6
861	102	3	5.58
101	1708	5	18.48
103	1002	7	29.65
101	1648	4	11.49
104	5300	3	22.71
103	1062	8	37.87
301	373	3	24.31
112	363	3	6.51
172	764	4	33.15
104	1962	3	12.36
16	231	4	12.04
105	1132	4	13.39
2675	14	3	9.29
1245	106	4	15.72
101	2158	3	9.1
9	2901	3	24.83
682	761	3	35.07
119	148	6	8.12
1406	14	3	4.8
169	483	5	38.36
787	14	4	4.23
250	114	11	41.95
103	1615	10	74.58
12	171	37	84.63
1254	102	3	7.61
12	222	31	92.91
347	312	5	45.44
930	107	4	16.6
2683	110	4	30
544	14	6	6.64
105	293	5	4.82
5123	14	3	17.25
129	145	12	33.95
1616	105	3	10.82
104	1791	4	18.15
1493	14	4	9.4
574	14	12	30.74
1637	14	3	5.85
716	14	9	21.75
155	255	4	18.96
453	104	6	13.45
710	5	5	52.58
548	109	3	8.11
301	197	3	17.87
188	193	3	12.35
1134	102	3	7.2
105	2065	3	12.36
1683	101	3	6.74
150	109	7	3.85
638	101	4	3.96
176	211	3	13.1
649	102	11	43.39
298	117	3	7.38
995	14	4	5.96
334	119	8	41.13
167	116	4	4.39
683	121	3	14.39
136	351	18	145.13
175	371	7	54.7
138	613	4	24.82
12	1050	6	21.91
294	125	4	14.39
853	108	5	23.21
329	433	3	26.27
131	167	4	7.97
1835	12	3	10.14
397	113	8	35.38
128	549	3	14.28
104	514	4	7.03
103	3718	3	17.92
110	237	15	59.37
104	380	6	10.97
116	271	3	6.46
105	977	7	30.43
107	2244	4	25.84
308	173	4	24.44
101	2734	3	10.25
555	209	4	33.91
109	1207	3	13.1
104	338	16	55.39
12	676	4	7.3
1940	14	5	18.52
455	121	3	11.94
101	588	7	12.29
1166	490	3	35.81
1319	14	4	8
764	106	3	7
112	870	3	11.99
1474	106	5	25.2
2202	14	3	8.16
101	1354	10	50.31
103	2701	3	14.2
338	16	8	44.19
163	117	4	4.22
538	12	5	9.26
356	145	4	20.76
462	106	4	7.78
182	110	8	13.81
318	105	5	5.59
198	195	6	34.43
109	401	7	25.57
121	202	3	5.25
112	919	3	12.31
101	1325	5	13.92
101	1273	6	19.29
103	422	8	19.68
136	178	6	19.62
156	164	4	12.18
106	178	10	9.24
103	1308	3	8.81
103	1232	4	13.56
220	229	3	16.89
572	12	5	9.55
2413	12	3	13.1
181	129	3	5.17
128	291	5	20.95
718	12	3	4.4
1285	14	3	4.37
101	2748	3	10.25
128	174	4	7.96
171	247	3	14.51
133	152	9	25.35
101	5178	3	18.27
1136	14	6	15.36
219	781	4	37.64
299	130	8	43.16
240	4785	3	44.96
1491	102	3	9.1
305	104	10	22.15
131	173	3	4.98
131	290	3	10.11
112	739	3	10.88
101	1577	5	17.08
103	173	16	18.51
125	207	3	6.08
104	1228	4	13.99
140	116	6	4.06
109	201	27	115.1
158	270	3	13.8
109	318	3	4.54
130	460	4	20.63
104	5553	3	22.71
122	157	8	18.96
361	340	3	25.16
2257	121	3	23.27
5287	105	3	22.71
350	129	9	53.84
102	436	5	7.31
222	160	3	12.21
357	104	9	21.55
210	114	4	5.33
108	406	14	71.99
112	2964	3	21.91
12	4123	3	16.81
101	2491	3	10.25
104	900	4	11.41
103	3160	4	24.87
101	2535	3	10.25
107	3065	3	19.81
129	136	5	5.24
143	383	3	14.31
228	103	7	5.71
997	12	5	15.52
103	1737	3	11.2
101	899	9	29.52
1062	665	4	52.67
446	280	3	25.08
104	818	6	20.99
101	2355	3	9.1
205	122	4	9.35
101	2235	4	15.1
2200	102	3	12.2
134	306	5	23.13
109	911	7	39.23
134	1366	3	21.46
145	103	21	13.08
204	103	9	7.76
112	454	3	8.07
107	1239	3	12.21
115	220	3	4.01
103	945	3	6.88
3254	102	3	14.92
464	128	7	43.68
1490	104	3	10.19
143	122	7	10.38
101	851	9	28.38
255	602	3	26.25
405	133	6	34.05
105	561	3	4.29
1286	12	4	12.81
717	14	5	6.4
433	108	4	10.7
1237	192	4	39.05
324	192	3	18
571	14	5	4.38
1651	133	3	22.38
12	509	4	5.46
103	2041	4	18.93
246	124	3	7.52
933	107	3	10.64
122	321	3	9.5
104	5582	3	22.71
11	15	4	49.8
208	101	17	14.88
197	132	4	10.34
2380	14	3	8.16
104	1608	4	17.1
109	608	6	25.75
795	115	3	12.95
870	4086	3	50.06
167	152	3	7.55
1117	116	7	52.01
127	14	106	114.5
103	335	24	103.07
114	133	11	7.98
158	173	12	68.31
117	386	3	9.31
272	134	4	15.43
103	3683	3	17.92
3662	12	3	16.81
164	116	7	13.42
114	1451	3	16.27
251	110	4	6.74
12	641	5	10.83
455	145	3	15.79
639	103	6	17.16
104	164	15	14.26
885	111	8	48.97
116	166	5	7.14
473	113	3	8.69
109	486	10	49.43
130	104	64	116.94
312	359	3	24.23
709	154	4	28.95
103	588	4	7.53
109	2789	4	28.96
112	966	5	26.64
1225	110	4	21.03
121	236	4	11.25
207	257	9	72.99
2514	102	3	13.39
299	109	14	60.01
104	466	4	6.45
105	633	3	4.79
226	16	3	7.24
1013	147	3	21.49
101	223	12	6.84
124	401	3	11.35
101	1383	7	26.83
103	257	9	13.56
112	697	4	16.52
114	147	19	43.55
569	103	4	7.3
287	167	5	30.94
1246	109	3	13.1
104	1302	5	20.9
150	151	5	13.93
312	111	3	5.23
838	102	6	18.79
176	104	18	26.23
125	117	13	15.7
402	114	3	7.66
12	3427	3	16.81
8	924	3	15.44
104	1434	7	38.76
1518	557	3	38.87
221	279	3	18.79
136	324	4	18.3
101	1231	3	4.8
1738	245	3	33.64
101	1307	9	39.17
103	565	4	7.3
113	179	8	14.65
1615	132	10	115.28
408	12	7	12.91
109	4040	4	36.56
1079	14	6	14.5
103	1326	5	20.35
124	152	17	61.26
803	12	3	4.84
475	317	3	26.55
101	2822	5	25.15
186	341	3	18.22
152	834	3	20.93
117	1475	3	18.46
220	151	4	16.67
181	111	8	14.19
132	101	97	132.06
104	2510	3	14.53
109	5654	3	27.42
385	108	13	62.72
906	12	4	9.65
134	330	7	39.07
608	14	8	14.29
139	157	13	54.17
650	105	3	4.98
16	61	3	10.44
8	418	3	10.03
8	492	4	17.45
231	169	3	13.57
151	159	3	6.77
102	168	11	4.25
983	102	6	21.62
102	101	1266	2815.88
166	225	5	26.99
288	143	3	11.92
103	898	10	48.73
771	104	5	15.05
127	981	4	26.79
102	28	5	9.67
122	126	7	5.84
101	1949	5	20.17
3533	14	3	12.87
693	433	3	31.52
104	1811	6	34.11
104	1743	3	11.53
645	156	7	58.8
129	103	52	67.19
111	407	3	7.07
105	339	6	9.41
4944	14	3	17.25
109	2057	4	25.55
101	2517	5	25.15
110	708	3	10.25
1307	102	3	8.05
201	12	12	11.5
101	842	8	22.09
101	690	4	4.43
330	127	8	44.36
107	148	12	10.78
136	992	3	19.87
537	110	3	8.82
106	1757	7	46.74
112	282	7	21.77
3599	14	3	12.87
1633	548	6	90.28
1356	14	3	4.8
183	197	4	18.95
110	1875	3	17.71
106	3605	4	32.11
1925	102	3	11.23
1151	102	3	7.2
177	102	32	69.03
109	881	9	54.99
109	1092	7	42.25
157	168	4	13.21
1041	102	11	59.4
108	114	33	19.23
134	1443	3	22.06
108	225	6	10.49
103	852	13	71.4
106	1876	4	21.17
2809	105	3	14.53
101	944	4	6.66
250	226	3	18.3
134	3092	3	28.18
1202	123	6	47.17
107	397	8	29.08
636	224	4	36.08
101	4226	3	13.87
1120	102	5	17.36
170	136	3	5.78
7	538	4	17.22
187	168	10	59.82
12	623	4	6.77
149	128	5	7.98
106	161	13	13.42
101	587	7	12.29
190	146	7	29.6
147	167	3	6.83
722	103	4	9.17
104	337	22	92.23
486	1008	4	49.33
109	448	10	47.63
508	101	5	4.89
112	936	6	34.52
126	675	19	184.91
653	101	9	22.21
323	639	4	40.83
114	297	4	9.2
1892	16	3	23.21
101	1606	3	6.74
393	4610	3	49.16
150	108	13	17.69
230	14	26	42.6
862	105	4	11
140	236	3	9.67
411	121	11	70.6
103	3108	5	37.28
103	3032	3	15.73
280	152	5	27.16
363	412	4	37.81
384	106	4	6.18
101	2989	3	11.74
175	370	4	26.51
124	404	3	11.48
3709	102	3	17.1
1471	101	3	6.16
101	336	9	9.78
234	161	3	13.3
418	9	4	15.67
103	1511	4	15.74
445	206	3	21.81
210	166	3	12.28
109	691	16	113.86
115	501	3	10.17
207	987	7	78.04
1045	110	4	19.83
101	839	8	22.09
101	627	11	31.15
296	14	21	41.58
1284	14	3	4.37
707	12	3	4.19
138	174	5	14.49
138	217	7	31.51
146	202	3	8.79
7	7	24	32.27
129	251	6	25.35
129	151	6	11.86
561	102	4	6.39
101	2295	4	15.1
105	361	4	4.28
405	107	4	9.33
582	101	11	29.44
101	884	11	40.37
143	150	5	11.65
702	127	3	15.74
155	1326	3	24.19
103	912	3	6.57
106	1867	5	27.92
101	1798	3	7.4
115	150	20	59.48
264	147	6	31.98
3335	14	3	10.76
109	895	14	106.24
16	120	8	7.41
1262	140	5	42.57
16	218	5	16.09
139	141	5	8.19
1659	102	4	15.59
858	113	9	59.6
102	759	3	4.85
113	136	13	15.53
653	237	3	25.96
103	354	9	20.64
413	461	3	28.59
117	238	6	18.64
1582	14	3	5.85
356	130	5	24.49
103	2787	3	14.2
163	121	17	69.08
198	145	3	8.2
391	130	3	12.33
147	157	5	14.04
2485	14	4	15.6
220	103	9	9.48
1850	110	3	16.85
196	121	19	95.74
646	14	8	15.4
128	106	26	17.21
109	1352	3	14.11
352	140	3	12.87
1435	128	9	91.65
395	128	4	18.27
224	101	33	74.85
131	113	13	12.06
106	495	7	22.19
726	111	14	100.07
148	793	3	19.9
120	163	4	5.62
779	105	4	10.25
326	121	4	14.94
104	579	9	32.46
133	186	12	53.51
110	169	11	21.79
176	248	3	14.94
366	14	10	11.8
176	148	3	7.44
203	118	4	8.16
332	145	5	27.5
193	115	19	78.39
12	1749	4	16.26
360	128	6	30.9
185	1523	3	28.64
121	384	3	10.73
127	126	15	34.53
101	1459	3	6.16
158	113	6	5.41
183	725	3	23.4
1246	102	3	7.61
104	1120	8	40.17
109	288	28	160.98
291	408	3	24.6
113	367	5	16.31
1780	14	3	6.49
154	390	3	15.85
138	2114	4	38.12
923	106	3	8.09
1414	14	3	4.8
101	284	15	23.25
185	163	5	22.21
104	363	13	41.75
335	354	3	24.82
1136	126	4	27.87
153	122	4	4.09
238	258	5	36.9
103	4076	4	29.82
4021	102	3	17.1
325	107	3	4.06
181	101	22	17.83
131	403	3	12.75
175	198	5	24.89
1608	105	3	10.82
1264	103	3	8.81
421	13	4	26.41
113	293	3	5.28
113	121	40	91.35
1662	14	3	5.85
101	1190	5	13.09
104	3735	3	18.26
536	14	7	9.54
114	574	3	9.96
662	105	3	4.98
262	118	5	16.23
163	136	3	5.19
1453	7	3	17.95
1099	102	4	11.4
117	321	3	7.97
2319	111	4	28.32
1725	102	3	10.42
684	9	8	52.99
2466	101	3	10.25
112	380	7	27.3
102	237	9	9.75
115	161	6	8.32
115	309	3	6.72
734	12	5	11.96
109	982	3	11.87
286	223	4	27.82
2086	14	4	12.38
300	147	10	67.9
134	139	6	9.3
1324	108	3	13.39
767	12	5	12.83
105	577	4	7.92
2062	405	3	38.84
187	252	3	15.72
951	119	6	42.38
101	2324	4	15.1
170	229	3	13.78
531	637	3	32.73
107	415	7	24.17
138	589	3	16.38
101	986	5	11.03
103	1768	3	11.2
101	942	5	10.46
107	297	8	22.64
12	449	5	7.54
107	104	149	156.65
101	792	9	26.33
721	106	4	11.21
105	327	6	9.06
850	14	5	8.01
104	937	4	11.86
104	870	4	11
103	3191	3	15.73
268	14	13	11.54
1311	14	4	8
2239	14	3	8.16
103	2601	3	14.2
130	1041	9	81.67
135	104	46	70.35
112	338	4	10.09
169	440	3	18.97
2895	108	3	20.54
101	4193	4	24.37
314	14	8	4.29
1865	105	3	11.53
12	202	9	5.26
12	153	16	5.68
1147	140	6	51.69
143	117	10	16.12
810	102	3	5.32
447	102	4	4.73
112	513	4	14.03
179	104	9	4.58
115	117	21	23.91
2196	141	3	26.79
145	151	3	4.65
1102	156	4	33.81
4654	13	3	39.82
151	174	6	23.86
443	12	4	4.29
162	105	16	16.27
197	133	3	6.24
2	250	7	32.21
142	252	13	85.2
101	3219	3	11.74
1915	104	3	12.36
109	2521	4	28.96
103	628	4	8.03
1155	128	7	58.69
1614	102	4	15.59
310	104	12	31.12
1717	9	7	64.12
101	809	10	32.93
111	541	7	33.04
4662	105	3	22.71
104	994	9	45.01
101	2533	3	10.25
104	1070	6	24.72
104	859	3	6.58
1412	103	3	9.31
2934	105	4	25.33
1695	337	3	36.51
1592	14	4	10.24
106	592	6	19.44
2739	110	3	19.94
104	2633	3	14.53
106	517	6	17.86
107	680	3	8.46
251	12	11	16.55
110	187	8	14.3
104	348	12	35.14
226	113	11	37.35
1712	128	3	22.58
1038	101	3	4.1
130	348	9	54.83
4957	110	3	28.2
109	3106	4	31.58
252	186	3	15.65
4590	1598	3	59.25
185	1489	3	28.64
387	14	10	12.8
103	522	4	6.86
1831	14	4	11.22
175	1591	3	28.62
2333	12	3	11.92
778	14	4	4.23
172	115	8	16.96
606	108	7	31.96
101	3984	3	13.87
373	128	9	55.21
108	764	5	21.68
101	2786	4	16.92
147	126	7	13.55
216	143	3	9.36
545	7	5	23.84
106	339	5	8.15
1460	14	4	9.4
103	1206	4	13.56
101	489	17	55.64
137	103	32	30.23
138	1021	3	19.97
2901	421	4	61.18
1485	125	6	51.73
7	1066	4	23.15
2508	14	4	15.6
149	143	6	15.83
107	951	3	10.64
257	180	3	15.44
5	1618	3	33.98
408	128	3	12.24
967	102	4	10.43
112	1004	4	19.82
102	838	8	30.26
101	1161	6	17.24
101	1220	3	4.8
668	108	3	9.12
108	671	5	20.37
1924	132	5	47.02
515	263	3	25.47
109	390	12	56.49
203	106	7	6.23
2799	14	3	9.29
176	132	4	8.7
109	317	23	128.6
140	221	5	19.61
109	259	7	17.4
112	666	6	29.48
103	225	16	33.75
5747	102	3	21.54
294	113	9	34.21
2302	102	4	19.33
109	3712	3	22.94
614	146	5	35.3
1110	101	5	12.34
270	144	4	17.6
131	283	3	10.03
101	255	11	8.73
106	366	20	93.47
315	12	6	6.08
153	145	7	21.21
129	783	3	16.75
451	156	3	17.34
102	3441	4	28.72
120	176	15	61.27
109	1410	4	21.45
110	221	7	15.47
104	397	5	8.11
286	1782	3	35.07
546	14	8	12.81
1911	760	5	79.34
656	150	3	19.28
109	3256	3	20.73
101	654	20	91.65
1530	3327	3	52.52
201	116	3	3.9
101	826	15	66.85
2064	14	3	7.25
3911	14	3	12.87
107	133	32	54.33
146	128	4	3.93
254	104	11	21.19
591	858	3	35.06
1276	4039	3	52.92
104	1087	3	7.87
101	2600	6	36.55
757	107	3	9.17
222	104	18	42.19
263	108	4	6.01
101	2100	4	13.67
459	390	5	52.35
989	14	5	9.55
441	115	7	33.52
1426	12	3	8.82
188	324	4	26.11
101	1725	3	7.4
872	14	6	11.7
112	414	4	12.02
492	409	4	41.13
151	191	3	8.98
403	101	15	37.03
104	1927	3	12.36
108	240	4	5.22
108	166	10	15.13
382	102	6	9.05
277	109	4	6.72
752	102	3	4.85
152	164	3	7.32
101	2346	3	9.1
245	109	22	102.06
101	1012	4	7.08
320	116	3	7.85
9	13	18	67.53
12	236	10	11.73
271	105	5	3.98
12	110	62	7.34
1438	102	6	28.2
104	970	5	17.18
146	140	6	12.75
105	104	119	12.9
1802	102	5	23.76
104	2232	5	29.57
101	821	8	22.09
148	156	22	122.65
155	200	5	21.09
165	1192	3	25.62
142	299	4	18.37
3582	102	3	17.1
855	111	6	32.57
162	251	4	21.01
197	117	4	6.62
103	2208	3	13
8	437	3	10.44
109	909	4	17.31
1222	109	3	13.1
108	237	4	5.02
153	1670	3	25.9
1030	14	4	5.96
3007	14	3	10.76
103	879	3	6.29
101	1832	4	12.49
102	335	5	4.92
106	613	3	5.92
997	14	7	18.39
101	973	4	6.66
9	105	66	71.25
143	133	4	4.16
2337	105	3	13.34
774	103	3	5.77
12	300	7	8.08
424	124	4	17.77
101	2281	3	9.1
104	716	3	5.59
104	648	11	47.53
111	128	19	22.91
105	347	4	3.96
124	114	11	5.04
111	4590	3	28.37
124	283	4	13.91
101	391	16	39.5
101	465	8	12.93
103	1230	3	8.35
572	14	12	29.85
3604	130	3	29.99
520	229	3	24.33
4489	12	3	21.25
448	129	3	13.24
538	14	17	55.3
2379	14	3	8.16
462	108	3	6.99
117	123	10	7.67
108	744	5	21.22
291	135	6	30.14
4187	116	3	26.64
331	683	4	41.57
1664	14	3	5.85
687	14	5	6.06
109	572	20	142.89
370	117	4	14.16
212	1167	3	28.52
154	114	9	11.51
101	1275	11	56.05
101	1223	10	44.56
1179	9	14	147.38
2590	141	3	28.03
101	1477	3	6.16
3719	111	3	23.89
611	117	3	12.26
230	123	4	11.18
176	135	7	24.28
109	154	44	162.22
106	4036	3	19.62
883	777	14	237.11
101	3883	3	13.87
101	3815	3	13.87
120	282	3	8.25
1517	108	4	22.03
153	148	4	8.75
101	3046	3	11.74
109	1517	3	14.69
439	105	7	17.09
1358	105	4	15.38
131	124	8	9.89
164	126	3	3.86
418	109	3	6.37
131	222	4	12.29
101	316	26	75.69
186	124	3	4.52
348	109	3	5.21
1038	113	3	13.73
187	893	4	35.95
101	302	27	78.1
1807	14	3	6.49
118	245	7	26.04
465	116	6	29.81
2625	14	3	9.29
4831	132	3	34.54
118	103	62	62.21
237	106	6	6.56
795	116	3	13.81
554	142	5	33.36
3605	201	3	38.29
772	133	3	17.15
144	103	26	22.94
121	355	3	10.05
109	306	3	4.32
150	328	4	21.66
157	945	4	32.88
1140	3770	3	51.96
103	2736	4	22.28
117	334	9	44.65
356	104	6	9.96
3437	128	4	45.33
1188	101	4	8.59
632	109	3	8.87
141	101	56	53.58
103	519	10	35.21
8	2261	4	32.48
113	159	7	8.28
387	110	3	6.58
407	257	6	56.09
536	116	8	47.32
1939	12	4	17.47
154	127	21	89.72
106	278	5	5.95
103	1277	4	14.21
708	116	3	13.02
2876	14	4	18.12
124	273	3	8.43
311	148	3	13.37
2220	135	3	25.9
229	103	11	16.69
101	4692	3	18.27
101	2775	4	16.92
116	168	4	4.42
116	101	266	584.22
107	429	4	9.66
430	113	3	7.85
106	834	4	12.28
575	102	7	18.95
385	118	7	35.1
109	1617	8	63.17
103	5560	3	22.37
159	897	3	22.81
367	115	4	12.88
916	108	9	55.63
8	371	11	62.84
492	511	3	30.71
103	947	3	6.88
599	114	4	15.85
6	3	13	181.43
12	1221	4	12.16
101	2020	6	27.75
122	202	3	5.37
109	2381	4	27.06
1255	14	4	7.42
337	14	13	18.67
557	103	4	7.3
183	156	5	19.65
109	658	3	9.08
101	5210	3	18.27
104	1059	5	18.48
104	1007	4	12.33
2055	130	3	23.93
4134	14	3	12.87
107	117	54	89.9
330	111	8	30.03
102	1129	3	7.2
132	540	4	22.13
148	202	4	14.46
104	2132	3	13.33
109	1047	8	51.12
1194	108	4	19.76
102	166	14	9.13
166	184	4	16.3
340	193	5	36.29
102	240	8	7.66
647	871	3	35.73
1066	7	6	40.47
132	240	3	8.61
143	104	16	5.46
2723	102	4	21.19
103	1833	3	11.2
380	759	5	57.64
675	118	3	13.58
608	12	4	6.53
101	2311	4	15.1
109	1750	3	16.09
368	127	5	24.17
101	4175	4	24.37
1008	14	4	5.96
289	119	4	13.25
205	394	5	39.99
1700	187	3	30.15
12	520	5	8.99
123	237	9	40.34
474	101	5	4.27
101	795	5	8.53
112	194	8	16
102	551	4	6.17
1277	7	4	25.06
135	109	17	19.78
227	104	7	6.25
103	762	7	24.71
1337	104	3	9.63
777	126	12	105.49
101	1995	3	8.18
2	190	5	14.02
249	108	4	5.63
590	14	5	4.63
2423	14	3	9.29
213	106	6	4.81
172	492	4	29.55
438	104	8	21.61
383	117	6	26.83
109	182	46	226.8
109	114	39	32.63
1150	102	6	23.39
602	16	3	14.65
150	249	6	32.74
108	1032	12	88.47
101	3028	3	11.74
104	468	4	6.45
280	113	5	12.79
226	124	4	11.08
153	180	3	8.38
1537	14	3	5.85
270	118	9	40.56
199	127	5	14.37
118	121	9	6.41
190	163	3	10.65
101	539	18	67.18
106	148	21	23.86
4261	521	3	51.36
103	1276	3	8.81
101	421	9	13.65
138	887	3	19.25
175	137	9	36.25
421	105	5	8.49
104	220	10	13
104	177	10	6.14
969	102	3	6.16
130	1555	3	22.31
134	702	4	24.68
325	102	29	126.98
1072	268	4	43.24
103	567	3	4.02
1759	14	4	11.22
2803	130	3	26.19
4473	121	3	32.79
373	14	9	9.39
1474	109	3	14.69
134	3223	3	28.18
101	1143	5	12.34
189	122	3	4.49
103	419	10	29.06
1264	249	3	31.33
257	102	8	8.86
106	160	17	23.11
352	128	4	17.01
101	585	16	57.4
181	203	4	19.77
171	367	4	26.34
128	103	54	70.74
171	121	8	22.85
1058	123	5	35.4
105	680	3	5.17
1350	135	7	66.48
118	136	12	22.22
251	126	4	13.41
106	348	9	24.91
199	114	36	191.36
887	107	3	10.31
121	373	5	22.54
103	168	23	37.05
103	242	19	51.56
150	106	18	19.35
176	145	3	6.95
619	1838	3	40.95
525	14	6	6.35
1573	14	6	21.52
140	157	4	8.04
2925	121	3	26.08
109	127	30	50.06
122	116	12	11.35
2046	105	3	12.36
453	103	7	17.05
361	471	3	27.73
1045	14	6	14.5
102	506	8	21.8
811	113	6	33.06
104	1856	4	18.15
101	5348	3	18.27
8	256	3	6.47
2	175	8	27.02
2	120	11	17.11
104	949	3	7.18
379	124	5	23.19
449	113	10	52.67
201	14	33	52.44
420	103	4	4.96
1063	133	4	28.16
109	3238	3	20.73
101	692	10	28.73
1078	14	7	19.38
296	110	8	26.83
105	3023	3	16.07
12	423	19	75.91
101	894	9	29.52
1241	14	5	11.55
211	130	3	7.22
3393	521	3	46.86
107	501	3	6.79
12	125	36	14.03
152	228	13	87.73
101	2224	7	42.64
1708	1266	4	64.58
424	101	8	10.52
103	2265	3	13
104	1961	4	19.38
120	1826	3	21.27
139	319	3	11.97
288	14	18	28.84
115	147	9	12.26
101	1787	3	7.4
1921	14	3	7.25
1966	14	3	7.25
147	236	3	10.95
128	108	20	20.08
238	14	11	4.78
106	5072	3	24.08
124	240	3	7.4
111	2493	3	20.11
149	140	8	23.75
106	104	352	645.65
3796	126	3	29.4
101	584	7	12.29
494	107	6	21.63
112	874	3	11.99
101	1140	4	8.04
1463	101	4	10.63
12	3170	3	14.63
141	200	3	8.02
286	692	4	40.13
3172	14	5	28.76
101	4088	3	13.87
1971	108	5	34.86
366	12	10	22.76
157	861	5	42.46
198	394	4	29.09
158	318	9	65.97
101	1395	5	14.84
169	2523	4	46.18
185	146	3	7.61
234	104	8	9.41
127	1595	3	21.76
1344	104	3	9.63
270	191	4	24.26
2116	14	3	8.16
691	21	3	18.34
1228	105	3	8.67
133	139	5	5.9
1207	14	5	11.55
384	103	4	4.43
104	376	13	42.84
1035	121	6	44.53
1609	105	3	10.82
101	701	18	80.72
623	152	6	47.23
296	12	6	5.43
101	2629	4	16.92
110	808	4	17.46
1065	102	9	43.09
146	204	3	8.95
101	4470	3	18.27
104	954	10	51.36
180	101	32	42.75
1143	102	6	23.39
109	841	16	123.4
210	101	16	12.81
101	3187	3	11.74
173	238	5	28.9
110	3358	3	21.51
549	971	3	35.34
3936	701	3	48.62
674	14	5	5.74
548	105	3	4.13
301	186	8	62.06
432	14	15	34.67
1469	116	3	18.32
115	148	6	4.77
441	405	3	27.98
112	469	3	8.37
589	110	20	150.21
888	9	5	30.83
331	102	9	17.3
678	104	3	5.17
242	149	9	55.45
410	275	4	34.69
119	260	3	7.41
219	393	12	122.97
142	1122	3	21.41
134	124	17	44.39
108	1482	9	71.31
105	533	3	4.13
1380	14	3	4.8
101	1093	3	4.1
101	1033	7	21.59
12	115	171	328.44
2666	14	3	9.29
102	1415	3	8.55
1208	12	8	37.89
619	108	3	8.69
105	528	3	3.98
111	169	8	11.96
2618	14	3	9.29
506	130	3	14.39
1448	14	3	5.29
119	103	68	88.78
101	2206	7	42.64
138	382	3	13.41
241	373	3	22.38
1834	111	3	17.02
725	111	4	16.56
148	435	19	179.73
1380	141	3	22.88
1315	102	3	8.05
103	963	3	6.88
115	160	8	14.12
361	5	3	23.3
122	384	3	10.87
734	14	7	13.26
242	159	10	68.41
204	118	3	4.72
151	103	22	21.47
268	12	6	4.22
232	137	3	9.25
1721	14	6	23.4
2	17	14	69.42
104	1626	3	10.82
2451	14	3	9.29
292	205	3	18.35
1321	126	3	19.91
246	113	10	34.88
2237	126	3	24.35
4586	101	3	18.27
227	160	3	12.64
101	2004	8	48.74
103	707	5	13.23
122	334	6	27.97
1	9	6	8.81
138	136	12	35.57
101	686	9	23.72
174	225	4	20.52
123	101	172	339.66
101	730	5	7.75
109	3340	3	20.73
153	724	5	39.03
2484	14	5	23.47
146	157	3	5.39
698	8	3	13.39
101	2580	4	16.92
104	991	11	61.5
131	152	9	25.29
101	286	33	105.62
505	145	3	16.45
1874	2637	3	51.69
1527	106	3	11.48
212	133	3	7.32
1625	102	6	29.84
620	206	3	24.04
120	146	7	10.47
1061	111	5	27.61
1647	101	3	6.74
127	227	3	7.5
167	139	5	13.76
3336	14	3	10.76
144	179	17	96.86
103	451	5	9.06
1135	108	6	34.46
161	108	8	8.59
281	264	3	20.77
370	145	3	14.17
606	118	5	26.83
778	123	8	59.6
978	153	4	32.3
428	102	7	14.07
117	202	31	181.19
104	279	16	46.13
128	151	5	8.15
104	117	40	15.18
1127	140	4	30.53
216	140	5	19.44
131	401	5	26.2
1072	1460	3	43.14
108	3325	3	20.54
421	106	4	6.76
1125	110	4	20.4
124	142	5	4.97
908	111	4	18.54
158	7	47	246.6
101	5725	3	18.27
1305	111	3	14.5
103	200	30	84.15
871	14	4	4.85
127	110	12	6.44
101	1365	4	9.87
103	274	5	3.86
144	108	9	4.91
1849	106	3	12.84
217	14	18	15.46
744	106	3	6.76
207	570	6	56.15
178	263	5	30.81
101	303	30	94.29
3587	121	3	28.3
4848	14	3	17.25
148	761	5	38.26
107	722	3	8.92
251	14	24	43.43
104	559	5	11.66
244	109	23	108.98
119	1053	9	75.95
120	134	15	33.48
1856	102	5	23.76
153	104	20	18.39
484	102	16	66.57
1596	102	7	38.21
159	450	4	26.78
147	128	5	7.07
120	514	3	12.65
116	237	3	5.46
2490	106	4	24.54
522	106	3	5.07
12	706	9	32.02
124	139	28	107.62
387	12	5	5.86
131	1208	3	20.05
103	374	10	26.48
113	247	11	40.46
262	108	5	9.27
1225	14	5	11.55
121	167	5	9.43
109	417	21	131.71
101	3910	3	13.87
130	161	3	4.2
163	211	3	12.2
776	126	4	24.45
573	114	3	9.96
502	101	5	4.67
264	294	4	30.42
2033	102	3	11.23
724	153	4	29.25
1165	102	3	7.2
389	7	4	13.99
177	132	3	5.09
2131	12	3	11.92
210	586	6	56.68
101	3608	4	24.37
111	221	4	5.29
104	602	3	4.61
7	505	3	10.66
119	121	36	114.71
1084	102	4	11.4
165	187	3	10.65
12	204	12	12.17
138	511	3	15.61
2429	1	3	30.52
101	915	7	18.81
223	171	3	13.4
966	102	3	6.16
107	122	32	40.53
106	891	9	46.34
105	322	5	5.83
2006	12	3	10.95
105	205	8	6.23
129	118	7	4.75
104	857	11	56.18
1370	14	4	8.66
2391	108	3	17.75
443	14	9	12.32
222	145	9	48.47
142	154	4	7.68
998	118	7	51.64
103	2628	4	22.28
8	284	4	11.82
406	111	5	16.6
188	107	8	10.75
1266	102	5	19.02
101	1935	6	27.75
427	109	3	6.49
180	1438	8	97.1
467	140	3	15.25
1302	106	4	16.39
1830	14	3	6.49
263	106	6	8.01
227	278	4	28.01
103	609	5	11.79
208	320	4	28.2
1426	14	3	5.29
101	708	4	4.43
1681	108	3	15.16
1789	116	3	19.73
101	760	10	30.7
228	106	7	8.54
112	1356	3	15.27
353	14	11	13.67
598	104	6	16.91
105	160	12	6.69
2359	102	5	27.64
109	1731	4	24.3
2068	102	6	34.19
111	187	8	14.68
1181	101	4	8.59
300	122	4	14.03
111	269	4	7.41
104	4598	3	22.71
123	519	3	13.24
101	962	5	10.46
102	1541	4	15.59
132	198	3	6.23
627	14	8	14.83
145	106	25	31.52
101	1727	3	7.4
109	1078	6	33.88
151	136	4	6.84
209	637	3	24.46
985	102	5	15.97
108	101	377	614.08
3243	130	3	27.77
117	116	11	5.35
182	14	25	19.07
1371	12	3	8.28
345	154	3	15.03
105	918	3	6.87
229	151	3	11.37
311	104	8	14.92
435	113	3	7.98
275	7	10	44.17
103	1295	4	14.21
185	191	3	12.17
376	1643	3	36.56
835	106	3	7.51
104	457	6	13.75
104	576	8	26.79
193	110	10	22.64
183	717	3	23.4
114	279	6	17.37
12	1616	3	9.44
844	102	6	18.79
3383	104	3	16.07
114	178	6	8.23
101	1412	4	9.87
217	139	3	8.66
322	116	7	29.78
103	303	15	43.15
136	414	3	13.95
117	404	3	9.68
209	566	10	105.84
746	102	5	12.82
203	117	5	11.16
103	2960	3	15.73
1459	102	5	21.08
140	166	4	9.5
779	102	4	8.86
110	166	10	17.76
104	377	4	4.52
110	240	4	6.23
1024	110	3	12.61
212	119	6	18.73
118	130	9	9.85
131	236	3	8.42
106	346	6	12.05
1983	14	3	7.25
101	200	18	14.3
207	1496	4	43.24
124	167	8	22.69
603	106	3	5.74
101	524	21	85.87
501	101	6	7.31
220	164	4	19.06
216	290	3	19.01
110	491	3	8.15
128	161	4	6.93
101	2731	3	10.25
104	194	19	35.24
342	113	5	15.41
109	386	4	9.94
104	1597	5	24.22
3082	110	4	32.62
750	12	3	4.61
121	139	8	11.63
25	14	4	7.42
113	264	3	4.5
101	1292	6	19.29
104	1899	3	12.36
103	2275	4	20.41
1646	14	3	5.85
110	1682	3	16.11
105	1196	3	8.67
108	221	6	10.03
115	206	11	37.58
288	113	3	5.13
553	5	5	49.76
236	122	7	27.5
540	109	3	8.11
1158	102	6	23.39
104	2555	3	14.53
165	101	53	103.08
1048	102	9	43.09
165	168	27	206.03
279	12	6	4.74
119	145	5	4.74
1613	14	3	5.85
245	118	3	6.43
4326	3674	3	66.97
105	231	13	24.93
129	248	4	13.65
1052	12	3	6.57
102	1339	4	13.89
107	260	6	11.66
12	357	6	7.64
127	702	7	49.69
103	659	4	8.29
155	215	11	67.78
3218	102	3	14.92
107	1405	3	13.22
1796	14	6	23.4
222	121	3	6.12
158	656	3	20.32
1546	5204	3	59.25
135	103	37	40.5
2082	103	3	12.03
104	5519	3	22.71
633	108	3	8.69
208	115	7	18.23
173	154	4	12.86
2	196	6	19.46
8	239	3	5.89
1216	113	3	14.6
239	101	28	62.56
105	277	6	6.66
101	2402	4	16.92
104	871	5	16.05
104	1042	11	63.65
112	1453	3	15.86
2732	105	3	14.53
107	103	255	473.53
148	333	4	21.05
103	2102	3	12.03
400	105	4	5.03
101	729	11	35.18
446	147	4	23.85
103	1667	3	10.49
143	232	3	10.04
101	941	11	43.64
630	14	5	5.15
111	101	321	538.92
111	168	6	6.21
160	225	6	33.23
109	1812	6	43.45
1227	102	14	100.54
176	993	3	25.04
157	255	3	13.21
108	187	5	4.13
1862	104	3	11.53
3286	102	3	14.92
2366	102	3	12.2
101	1748	3	7.4
103	910	3	6.57
115	106	45	25.63
115	232	3	4.54
101	1696	5	18.48
101	4108	3	13.87
799	103	4	9.84
109	473	15	87.69
417	12	4	3.87
101	3936	3	13.87
105	1852	3	11.53
141	116	10	15.16
101	1191	3	4.8
101	1124	3	4.43
493	9	4	17.51
112	889	5	26.03
101	477	16	49.98
792	107	3	9.43
149	173	3	7.91
202	111	4	4.25
695	102	8	27.05
128	150	10	28.22
3221	110	3	21.51
221	1385	4	43.28
2342	116	4	31.98
134	776	4	25.79
1706	121	3	21.39
404	106	4	6.61
153	119	5	6.32
691	12	5	11.57
103	1588	4	16.66
174	732	5	43.46
103	1514	4	15.74
516	143	4	24.26
101	184	69	204.87
103	1470	3	9.87
164	299	5	31.09
175	375	3	18.23
167	271	8	55.84
101	1445	5	15.89
101	1379	6	20.5
112	693	3	10.64
165	1661	3	27.94
114	251	3	4.33
121	370	4	16.08
207	584	6	56.58
322	128	3	10.47
108	2308	4	26.8
3069	14	3	10.76
964	14	4	5.56
109	289	34	213.81
352	101	9	10.29
103	1140	6	24.99
736	102	12	53.58
137	104	37	46.11
102	1954	4	17.85
1113	1554	10	195.05
758	106	3	7
196	147	4	13.51
101	2840	4	19.46
434	145	3	15.34
169	1100	5	47.45
110	1144	3	13.41
4813	105	3	22.71
233	14	18	19.35
1347	14	5	13.27
242	733	3	26.97
856	14	4	4.85
103	584	4	7.53
113	104	100	106.46
101	1246	5	13.09
102	612	6	14.8
178	461	12	117.08
127	1	4	5.8
101	1572	4	11.49
249	2512	3	37.05
334	251	6	52.79
178	312	6	42.31
104	1319	4	14.65
383	103	4	4.43
140	139	5	7.61
817	115	3	13.24
1210	14	3	3.98
125	247	4	12.4
133	300	4	16.06
106	589	12	56.63
184	949	3	25.25
199	213	3	14.71
118	109	59	134.67
107	797	4	14.9
118	161	6	11.08
1115	102	12	71.33
309	113	3	5.65
105	149	14	6.24
104	993	3	7.51
101	2530	3	10.25
146	114	10	11.23
109	1870	5	33.42
146	182	3	7.48
436	156	3	16.89
12	505	8	20.62
276	115	9	36.31
1656	14	3	5.85
310	103	11	25.55
101	812	5	8.97
123	221	3	6.39
427	108	3	6.32
1051	101	6	16.36
162	102	24	32.42
1070	102	4	11.4
104	1672	3	10.82
706	104	4	9.26
916	102	4	10
138	1330	3	22.29
553	156	6	46.43
3720	14	3	12.87
612	119	3	13.52
115	282	4	10.19
179	103	15	16.76
235	121	14	73.87
12	320	12	27.39
311	645	3	28.43
702	110	3	10.25
101	914	4	6.27
101	998	8	26.11
134	143	5	7.31
128	784	3	16.6
101	2276	3	9.1
101	1083	6	16.36
9	107	26	16.92
953	9	4	23.14
12	158	28	37
12	113	110	94.37
152	103	33	53.37
170	148	8	34.09
104	830	7	26.91
1476	14	4	9.4
104	650	4	8.69
105	558	3	4.29
1443	14	3	5.29
108	169	8	9.62
101	1846	3	7.4
218	101	23	34.72
288	114	3	5.19
179	144	5	16.3
214	122	5	14.45
103	984	4	11.91
333	149	5	29.62
122	101	49	7.86
103	730	5	13.64
122	168	4	6.26
101	2027	7	36.71
2099	101	3	8.18
12	1173	13	80.43
135	136	6	9.94
142	238	4	15.67
847	315	4	43.06
109	763	4	15.7
108	552	6	24.13
644	14	5	5.44
108	492	4	12.09
3199	12	3	14.63
254	103	18	49.75
146	127	24	99.03
101	2427	5	25.15
104	1084	8	38.76
896	103	4	11
17	145	3	8.2
1314	12	3	7.79
111	519	3	8.8
101	655	7	13.69
101	707	7	14.75
420	117	9	49.64
104	456	12	44.67
104	575	4	7.92
1661	102	3	9.71
1108	128	5	37.64
326	104	5	6.09
104	500	10	34.99
186	128	89	796.85
118	150	12	30.53
431	12	5	6.73
102	1714	3	10.42
104	2679	3	14.53
114	280	5	12.9
252	125	3	8.01
1239	110	5	28.92
542	106	3	5.23
114	179	11	26.51
103	286	10	19.56
101	1589	9	48.43
638	114	3	10.58
105	2015	4	19.38
104	1165	3	8.25
318	109	3	4.54
1382	102	7	34.24
104	1520	3	10.19
1748	102	4	16.63
109	507	7	29.98
1149	104	4	13.39
140	370	3	13.32
121	315	3	9.09
207	156	11	67.09
913	14	4	5.19
121	214	5	14.22
584	103	3	4.18
101	1158	7	22.7
189	108	5	4.29
113	147	24	64.81
149	142	5	11.29
103	1125	7	31.86
106	174	13	16.43
199	416	3	20.64
106	217	53	272.25
120	466	3	12.14
697	107	3	8.68
104	325	37	201.6
128	117	9	7.4
196	104	14	19.5
145	164	3	6.19
112	559	4	14.77
126	166	5	10.93
112	350	15	79.4
259	14	13	10.63
1306	14	3	4.37
151	130	4	5.62
139	274	4	16.75
102	2921	3	14.92
221	756	4	37.32
909	14	9	26.64
354	132	10	63.8
4809	14	3	17.25
103	1634	3	10.49
101	1016	4	7.08
613	107	4	12.94
271	109	15	61.72
101	718	9	24.54
123	128	9	11.31
2491	102	4	21.19
138	161	3	5.2
267	110	49	353.97
101	5226	3	18.27
104	1778	8	54.34
101	3376	3	11.74
1015	14	4	5.96
2057	14	4	12.38
150	785	3	20.57
122	111	28	43.19
13	120	10	29.7
618	101	5	6.42
13	218	3	12.42
102	437	5	7.51
230	124	5	16.2
285	113	3	5.13
117	420	5	21.38
411	104	7	15.84
1994	102	3	11.23
1288	135	4	31.26
195	127	16	80.17
15	13	4	27.41
407	490	3	28.79
1892	12	3	10.95
377	119	12	75.69
701	14	6	9.16
12	1063	5	16.18
106	480	5	12.26
305	103	5	4.84
102	3505	3	17.1
110	114	21	5.85
109	1516	4	22.28
168	580	7	61.53
216	113	7	16.81
1127	113	4	21.41
545	189	3	21.88
5367	111	3	28.37
128	122	9	10.95
1923	102	3	11.23
137	148	4	6.11
820	105	3	6.31
1362	14	3	4.8
103	1126	5	18.67
124	1376	3	19.77
121	203	5	13.41
3854	108	3	22.75
113	248	8	25.12
113	148	16	31.84
127	508	3	13.85
189	103	9	5.3
101	1157	10	42.32
573	140	4	24.44
312	523	3	27.17
356	211	3	20.36
285	354	7	67.35
113	107	33	14.29
104	3722	4	30.28
121	158	4	4.91
398	109	3	6.13
121	113	13	7.26
130	103	37	32.05
1853	14	3	6.49
101	4691	3	18.27
981	12	3	6.22
196	248	3	16.19
116	169	11	31.22
105	901	7	28.55
290	145	7	40.47
120	445	4	17.87
101	419	6	5.2
876	102	14	76.45
270	107	7	16.29
104	2697	3	14.53
516	128	5	28.48
101	168	25	18.33
212	149	6	28.96
101	2954	3	11.74
914	118	5	31.5
153	106	33	69.17
171	145	10	45.44
226	12	10	10.37
195	114	10	25.45
1173	101	9	35.22
113	482	4	14.03
102	929	3	6.16
141	924	3	20.18
3296	141	3	29.61
109	605	3	8.67
246	223	4	25.92
786	103	4	9.84
720	517	3	33.29
101	2021	6	27.75
106	1640	3	12.12
427	103	4	5.11
103	776	6	19.74
122	152	23	94.82
805	12	3	5.08
107	229	6	9.69
107	280	13	47.56
12	462	4	4.75
947	110	4	18.79
415	113	7	29.65
110	704	3	10.25
159	822	3	22.17
104	922	12	66.19
491	124	4	19.4
440	102	6	10.9
109	1676	5	31.94
128	633	4	22.53
101	2130	6	30.91
170	104	13	11.74
152	151	3	5.71
2917	13	4	48.11
1666	135	4	33.83
1310	150	8	84.25
250	201	3	16.89
1490	103	3	9.87
112	399	5	16.76
4631	156	3	38.37
971	14	4	5.56
1893	14	3	7.25
103	1098	3	7.56
101	1612	4	11.49
423	101	10	17.07
313	128	7	35.57
107	308	8	23.56
1320	14	3	4.37
103	1985	3	12.03
1091	147	3	21.88
400	106	6	14
891	14	5	8.48
101	796	8	21.26
343	101	12	19.2
129	104	25	9.73
104	1053	4	12.84
372	101	16	38.11
3660	102	3	17.1
268	111	3	4.15
756	102	4	8.53
151	410	3	16.2
183	285	3	16.64
1932	111	8	75.68
1437	102	10	65.16
112	276	7	21.23
101	1950	3	8.18
127	728	6	41.02
237	785	3	27.26
103	821	4	10.2
101	1890	5	20.17
447	118	8	45.52
307	147	4	19.78
112	376	3	6.71
771	103	3	5.77
103	897	6	21.67
115	165	6	8.81
101	1739	4	12.49
103	1017	6	23.2
2871	1535	3	52.52
1033	961	3	39.81
16	2	30	111.04
151	109	9	7.93
513	102	7	17.2
169	500	3	19.95
556	459	6	71.02
641	106	4	10.3
104	2394	4	20.86
4737	1381	3	57.97
119	602	5	27.86
104	176	16	20.29
101	2653	3	10.25
473	116	4	16.52
105	950	3	7.18
109	4041	3	22.94
708	111	4	16.22
124	204	9	35.46
144	1133	4	31.58
103	391	4	4.43
136	206	3	7.89
5628	102	3	21.54
121	225	3	6.36
102	748	3	4.85
172	101	38	57.66
643	116	3	12.56
715	14	6	9.61
108	837	3	10.39
140	203	3	8.04
104	1235	3	8.67
109	226	30	150.55
103	215	52	230.71
719	104	3	5.59
121	475	4	18.66
672	140	3	17.42
1909	102	8	57.44
604	804	3	34.96
131	143	7	13.4
106	396	6	14
185	107	20	58.64
102	1767	9	64.63
465	111	10	51.91
186	169	3	10.78
299	106	5	6.71
788	14	13	46.06
280	157	4	21
212	231	3	16.64
344	5407	3	48.07
251	127	3	8.48
1024	12	3	6.22
106	409	7	18.68
136	1114	3	20.69
120	107	115	406.47
101	5166	3	18.27
104	382	11	32.85
862	102	4	9.6
140	113	9	6.65
5393	14	3	17.25
388	14	8	7.4
106	1114	4	15.11
1800	14	3	6.49
101	1455	6	21.88
112	939	3	12.65
529	105	3	3.98
103	418	8	19.68
106	1419	6	33.19
150	557	3	18.42
104	1402	3	9.63
104	1452	9	57.81
487	309	7	75.03
755	164	5	42.61
249	965	6	68.05
2324	102	6	37.39
1720	111	3	17.02
1183	101	3	4.8
116	187	4	5.76
315	535	3	27.36
414	7	3	9.33
335	215	6	49
783	110	3	11.02
175	170	3	10.39
124	157	22	96.53
101	385	18	49.09
109	1646	3	15.35
608	21	3	17.41
170	133	4	8.45
101	2359	4	15.1
3344	14	4	18.12
293	140	23	187.93
101	1031	6	15.55
256	461	4	35.29
12	290	13	27.89
101	1710	4	12.49
101	1650	3	6.74
109	2219	7	63.99
214	109	7	13.17
313	110	3	5.09
837	103	3	6.02
103	2342	3	13
101	3640	3	13.87
139	152	19	88.53
183	129	4	8.93
109	779	5	22.47
319	133	3	10.81
222	179	4	20.46
101	3173	3	11.74
282	275	4	30.7
2856	1436	5	98.85
208	140	4	13.13
240	1786	3	33.51
102	463	4	5.22
344	2976	5	80.31
548	107	4	11.89
112	178	7	10.54
822	102	13	65.9
328	111	3	5.65
748	114	3	11.54
107	151	12	12.88
107	251	5	7.97
104	948	5	17.18
544	12	4	5.86
1576	115	3	18.1
111	451	3	7.86
586	222	3	24.42
108	711	6	27.85
141	104	28	27.56
740	102	12	53.58
442	121	4	17.83
262	14	20	30.7
121	108	17	9.09
101	414	13	28.81
103	1197	6	26.01
321	543	3	27.65
202	119	4	8.72
116	104	103	174.01
711	626	4	48.4
526	102	6	13.3
133	235	4	13.33
751	113	3	11.48
280	117	9	39.77
101	298	10	9.78
131	133	14	35.75
826	118	11	88.29
488	106	3	4.63
107	791	3	9.43
101	1358	3	5.66
1031	105	4	12.33
144	167	5	15.13
1184	14	4	7.42
1128	116	7	52.01
144	14	42	18.5
114	139	12	13.52
8	677	8	52.14
13	138	4	8.89
2306	102	3	12.2
127	750	4	24.12
1539	14	3	5.85
139	430	3	14.23
463	156	5	34.79
104	1614	3	10.82
101	4561	3	18.27
180	278	3	16.12
104	927	8	36.3
146	121	12	29.37
698	14	7	12.7
101	666	8	18.39
302	1720	3	35.52
1167	122	3	18.03
107	357	7	21.32
107	432	3	5.83
101	920	5	9.92
101	1004	4	7.08
106	626	4	10.02
134	148	4	5.28
300	127	4	15.27
101	2186	3	9.1
104	595	7	21.95
170	169	5	21.49
368	150	4	22.84
314	106	4	4.37
3740	14	4	23.01
108	148	23	48.99
354	116	5	19.11
16	203	3	6.17
231	121	3	6.61
151	115	8	11.11
101	3617	3	13.87
301	408	5	47.07
832	109	5	22.98
971	102	3	6.16
447	111	6	23.54
264	182	4	23.38
155	533	5	36.05
3212	102	4	23.77
115	124	12	9.62
1240	102	9	46.66
745	5	3	28.4
141	766	3	18.9
139	131	8	15.4
108	160	17	37.8
101	1776	6	25.39
499	110	3	8.31
104	3254	3	16.07
8	2815	5	47.12
126	103	48	52.8
108	5061	3	27.22
103	1639	4	16.66
2437	3468	3	58.65
9	12	76	71.27
12	163	15	9.28
152	158	3	6.56
152	113	10	14.15
101	2285	4	15.1
109	1668	3	15.35
4087	102	3	17.1
879	102	5	14.25
105	343	5	6.5
7	162	207	2093.37
3325	102	3	14.92
1217	102	11	64.61
104	1078	3	7.87
105	101	256	33.03
105	168	15	15.31
169	225	5	27.23
875	12	3	5.34
122	159	5	8.42
1226	106	3	9.93
122	106	20	4.16
605	14	6	7.61
103	680	3	4.89
101	2033	3	8.18
103	620	5	12.12
905	12	3	5.61
12	1314	5	18.56
4598	2146	3	61.91
631	111	3	9.75
116	1837	3	19.73
1112	114	3	14.22
175	1255	3	26.3
112	809	3	11.69
101	1481	5	15.89
683	101	5	7.05
101	1525	7	28.61
150	116	7	9.77
298	110	3	4.8
733	118	6	37.1
120	286	4	13.26
226	147	4	16.13
186	133	4	9.48
546	106	7	23.49
1047	14	7	19.38
4016	14	3	12.87
12	855	3	5.34
138	657	4	25.13
107	628	3	8.03
1253	140	3	21.41
305	166	3	15.94
104	2749	3	14.53
124	178	3	4.08
455	101	10	19.35
124	117	24	51.78
101	513	17	58.11
550	113	12	73.93
104	3123	3	16.07
435	102	4	4.43
120	358	5	21.76
3238	14	3	10.76
646	118	4	20.18
1923	14	3	7.25
982	4103	3	51.13
812	132	3	17.43
103	2725	3	14.2
233	207	4	24.36
114	540	4	15.05
7	798	14	114.91
124	410	3	11.48
185	153	8	38.33
505	113	5	20.06
101	338	30	106.61
131	164	3	4.35
388	102	15	49.95
108	2321	4	26.8
103	297	15	42.25
167	228	6	35.01
125	274	3	8.69
108	870	4	16.63
120	1499	3	19.85
157	923	5	43.05
109	195	5	4.83
104	1203	5	20.02
999	14	8	23.55
117	165	6	10.47
140	411	4	21.08
109	443	7	27.22
104	1399	3	9.63
4793	150	3	38.03
1204	14	4	7.42
118	1204	3	17.51
2134	7	4	31.48
370	113	4	11.34
112	986	3	13
103	549	10	35.9
247	104	6	5.1
113	128	18	22.93
101	1282	8	31.9
455	124	3	12.33
2967	111	3	21.68
101	380	23	74.95
106	237	6	6.56
120	487	3	12.31
111	756	3	10.91
1028	14	4	5.96
1170	14	5	10.82
320	103	5	5.41
101	950	4	6.66
2381	14	3	8.16
58	12	9	16.84
152	283	3	13.39
205	101	13	6.31
424	104	6	12.12
368	117	4	14.16
1095	102	5	16.64
111	323	8	29.21
693	275	4	39.68
192	136	3	6.8
139	149	5	10.45
139	249	27	216.13
101	1655	3	6.74
208	442	3	21.8
103	854	3	6.29
101	1859	5	18.48
570	14	5	4.38
103	921	5	16.06
922	12	4	9.65
103	665	21	131.45
1959	123	3	22.56
12	1132	4	11.58
2671	14	5	23.47
140	737	4	26.35
667	140	7	53.63
109	784	5	22.47
104	1784	4	18.15
463	5	4	36.33
142	294	6	32.12
104	1097	3	7.87
102	3965	4	28.72
521	153	5	35.55
129	143	7	12.66
123	148	5	6.04
228	123	3	6.78
804	105	3	6.31
104	2309	4	20.86
103	1941	5	26.84
1410	14	3	4.8
101	636	4	3.96
791	14	13	46.06
362	14	9	8.84
1466	14	5	14.3
7	266	79	797.3
986	107	3	10.99
381	109	4	9.79
2232	102	3	12.2
107	113	65	87.76
132	495	3	14.27
191	143	3	7.6
12	516	6	12.45
1374	224	4	43.43
123	160	5	8.85
2699	111	4	30.23
102	495	5	8.87
766	5	6	66.87
227	101	21	31.76
103	818	6	20.34
134	1288	3	20.91
134	1347	4	31.31
162	115	8	14.9
142	135	4	4.83
139	159	6	16.92
126	193	3	5.38
1199	102	5	18.15
103	900	6	21.67
101	1742	4	12.49
12	267	12	21.1
101	979	8	26.11
103	1657	4	16.66
104	2397	6	39.73
293	122	3	8.73
630	109	4	14.09
101	876	16	77.86
129	552	5	29.38
111	232	8	21.55
8	1179	14	147.18
752	129	3	16.47
780	110	3	11.02
101	2255	3	9.1
101	4307	3	18.27
424	147	3	15.53
104	794	11	53.3
101	2315	3	9.1
106	2599	3	15.87
104	3025	3	16.07
101	2828	3	10.25
109	1118	4	19.39
104	173	12	9.86
196	128	21	118.58
101	4745	3	18.27
120	400	3	10.86
451	382	17	229.34
669	101	6	10.41
290	140	4	17.43
586	101	5	5.86
163	128	5	10.67
158	415	3	17.31
221	184	3	14.07
101	1130	3	4.43
109	2712	3	19.16
103	512	6	14.41
121	229	4	10.81
141	4941	3	36.33
1057	14	5	10.16
103	263	7	8.01
131	1480	4	31.67
62	14	9	5.8
167	130	4	7.92
127	119	8	7.56
121	360	5	21.95
114	315	8	30.12
281	448	4	36.22
178	200	3	12.3
1414	106	5	24.09
438	101	24	92.28
140	151	6	14.88
3499	113	4	38.63
105	2043	3	12.36
133	228	4	12.87
133	117	10	10.99
526	177	4	30.22
261	146	4	17.44
171	140	5	14.63
397	149	3	15.94
914	111	4	18.54
164	108	7	6.42
106	451	13	55.69
395	121	4	16.73
845	238	6	64.62
12	3950	4	28.33
2	332	6	30.51
104	1802	3	11.53
1300	14	4	8
142	130	5	6.54
114	825	4	18.54
112	336	3	6.02
101	1880	4	13.67
103	755	7	24.71
12	377	11	27.52
1433	102	4	14.69
106	1016	3	8.75
1035	140	4	29.94
530	122	3	13.08
784	102	10	42.16
2745	102	6	43.08
101	734	13	47.17
123	104	85	163.76
1978	14	5	18.52
626	12	4	6.77
1329	14	5	13.27
134	133	5	4.85
1736	118	3	20.55
111	298	5	12.68
109	1637	4	23.22
107	341	3	4.38
12	326	10	20.01
132	109	33	66.19
143	237	3	10.27
101	936	8	24.98
102	161	16	11.92
112	587	4	15.03
12	1463	6	27.63
994	109	3	11.87
101	1625	7	30.72
155	415	4	24.27
103	1011	7	29.65
105	1292	4	14.65
2067	14	3	7.25
103	397	4	4.69
113	287	3	5.13
101	1240	5	13.09
113	123	12	6.31
2026	106	4	21.17
477	2414	3	42.5
121	121	7	4.03
444	191	3	20.58
715	109	3	9.77
109	544	5	18.53
109	366	3	5.6
130	225	3	7.84
466	262	3	24.87
104	225	6	3.9
770	1036	15	274.06
1142	101	3	4.43
1053	102	6	22.47
216	136	3	8.53
708	105	6	18.75
2800	14	4	15.6
149	121	15	47.96
164	103	19	23.19
131	148	11	32.5
109	3740	3	22.94
137	369	3	13.13
101	282	36	121.85
321	159	3	15.58
665	108	3	9.12
109	1386	4	21.45
133	122	53	247.07
261	323	3	21.79
120	215	7	24.22
129	811	3	17.05
153	124	4	4.33
206	113	4	5.07
109	177	71	410.51
1601	117	3	19.12
411	128	3	12.24
104	1293	4	14.65
109	294	6	15.22
125	124	8	7.73
1647	104	3	10.82
101	1374	8	33.85
1920	106	3	13.68
114	320	3	6.03
772	252	7	78.86
2073	118	5	42.7
1414	105	4	15.38
114	203	9	23.77
112	842	4	17.99
108	934	4	17.53
157	916	5	43.05
1193	12	3	7.34
1863	14	3	6.49
104	1290	6	27.8
1020	12	3	6.22
1295	102	5	19.02
213	143	3	9.12
114	306	3	5.63
334	114	3	6.39
167	122	5	9.63
103	233	10	14.26
113	435	7	30.33
136	419	4	20.93
1326	102	10	57.93
234	101	24	44.82
1344	101	3	5.66
1835	109	3	16.09
123	766	3	15.73
106	493	4	8.36
866	102	4	9.6
103	1502	3	9.87
779	14	7	14.48
108	1691	4	24.04
110	103	238	535.16
104	522	7	20.09
2097	12	3	10.95
101	2930	3	11.74
120	342	3	9.73
147	232	4	16.51
890	107	4	16.13
149	193	3	8.94
106	101	778	1592.53
2101	102	4	17.85
101	580	8	16.09
12	2062	4	17.47
189	114	5	6.46
2406	141	3	28.03
1016	102	4	10.9
155	968	3	22.03
108	620	4	13.85
117	159	7	12.48
466	105	4	6.45
117	106	43	31.25
1709	14	9	51.77
104	1392	4	15.37
101	3948	3	13.87
3839	105	3	18.26
103	2709	3	14.2
1595	14	3	5.85
103	1070	7	30.71
101	1792	3	7.4
3935	8	4	42.01
101	1852	3	7.4
699	106	3	6.54
1129	14	6	15.36
107	1274	4	19.5
12	1490	6	27.63
177	111	8	13.12
151	256	3	12.49
678	101	4	4.19
104	628	3	4.79
152	173	8	36.34
1488	101	6	21.88
101	2301	5	22.28
692	102	11	45.48
1267	104	4	14.65
105	359	4	4.17
1624	101	5	17.08
105	537	6	15.74
143	152	8	25.67
106	925	4	13.55
420	157	5	33.87
101	697	6	10.85
101	4646	3	18.27
106	4257	3	24.08
180	104	18	27.73
105	285	5	4.62
111	564	5	20.36
968	111	3	12.42
8	208	7	20.92
800	101	7	16.58
102	2754	3	13.39
101	2049	5	20.17
167	722	3	22.19
103	740	13	64.39
122	119	10	10.29
317	14	34	112.08
119	140	8	11.43
106	2395	3	14.67
101	2348	4	15.1
134	104	24	11.49
101	1010	9	32.1
101	1086	4	7.54
3329	110	3	21.51
101	966	6	14.81
464	121	6	33.07
271	14	13	11.79
101	1843	4	12.49
570	115	4	16.82
103	937	9	42.6
2072	108	3	16.75
236	167	3	13.75
2207	14	3	8.16
724	106	6	21.83
4980	102	3	21.54
108	104	177	268.98
151	386	5	31.59
109	716	8	42.92
142	109	10	6.46
183	146	7	28.76
833	118	5	30.36
481	106	3	4.63
105	3654	3	18.26
1533	123	3	20.94
121	1075	3	17.46
101	756	5	8.13
103	1957	4	18.93
510	106	5	12.8
107	335	3	4.3
2344	14	3	8.16
107	139	20	25.33
598	101	14	46.59
4193	102	3	17.1
1029	128	3	18.24
129	128	7	7.98
111	439	3	7.58
101	206	26	39.52
103	1375	4	14.94
171	238	3	14.2
105	744	3	5.59
950	12	3	5.91
120	170	5	9.82
1517	14	3	5.29
170	1082	3	25.21
1313	392	3	35.12
546	105	3	4.13
110	121	13	5.43
230	118	3	5.84
13	2401	3	31.51
1611	105	3	10.82
1482	14	3	5.29
117	430	3	9.94
525	8	13	92.61
298	12	8	10.93
193	106	8	6.65
140	121	6	6.29
140	293	4	17.54
114	225	7	17.77
766	670	3	35.35
101	1416	4	9.87
127	249	3	8.42
106	1187	5	22.22
3372	102	3	14.92
334	113	5	15.24
114	432	5	18.33
112	851	4	18.41
154	177	8	36.79
101	1266	6	19.29
103	363	15	51.2
103	533	8	24.83
101	1214	5	13.09
123	1858	3	21.69
113	143	53	213.83
318	238	7	60.87
101	4133	3	13.87
103	4831	3	22.37
261	362	3	22.77
202	131	18	103.26
124	122	21	50.62
124	220	7	25.95
101	454	8	12.18
101	396	6	4.82
101	2708	3	10.25
1028	126	8	66.99
1930	102	3	11.23
339	474	3	27.16
149	103	13	4.07
175	205	8	49.48
109	4697	3	27.42
387	105	4	4.77
189	203	3	13.48
104	3804	3	18.26
103	378	41	259.37
121	103	32	11.31
121	163	4	5.74
856	102	7	25.09
1027	113	3	13.35
248	187	3	15.65
8	684	8	52.88
1601	109	3	15.35
259	905	5	54.21
101	5729	3	18.27
332	124	3	10.02
120	1454	3	19.85
125	168	7	18.65
127	159	4	6.34
237	12	7	4.67
1632	116	3	18.98
101	1569	4	11.49
252	135	16	107.21
322	148	3	13.65
144	157	4	8.94
105	3309	4	25.33
488	105	5	10.27
162	5276	3	39.85
110	193	5	5.61
110	136	11	8.57
128	373	3	11.62
108	1837	3	15.9
280	122	4	13.38
12	2350	3	11.92
105	827	3	6.31
116	348	4	13.4
4564	16	3	33.75
679	102	4	7.62
1152	109	3	12.66
101	739	14	53.67
1520	102	3	9.1
106	947	3	8.41
1113	3531	4	75.59
239	174	3	14.39
3222	130	3	27.77
793	12	3	4.84
104	861	3	6.58
620	837	6	80.4
2251	14	3	8.16
108	460	5	16.49
158	733	3	21.07
109	803	4	16.07
2048	14	3	7.25
102	361	5	5.61
583	101	6	8.87
127	603	3	14.82
1543	107	5	30.42
103	1088	4	12.41
459	102	7	15.69
1387	102	6	26.78
139	291	3	11.28
286	105	5	4.62
513	115	5	22.37
3077	116	4	36.51
101	3604	4	24.37
111	174	10	19.81
1996	129	3	23.6
962	105	5	17.18
1252	14	3	3.98
104	606	13	59.29
104	742	7	24.81
101	2271	3	9.1
104	810	3	6.31
450	106	3	4.24
12	208	48	179.27
132	178	5	13
797	102	11	49.11
306	111	3	5.08
1778	102	8	51.22
107	472	5	15.63
1416	102	3	8.55
1490	113	3	16.21
101	919	4	6.27
575	113	3	9.9
104	2532	3	14.53
103	1641	3	10.49
101	1071	9	33.58
406	1300	3	35.38
375	127	8	46.87
129	2705	3	25.85
143	236	3	10.27
250	264	3	19.78
358	106	4	5.53
9	129	8	6.11
1325	105	3	9.13
273	111	3	4.33
2728	102	3	13.39
111	104	151	236.89
160	279	3	14.5
297	173	4	23.96
104	2058	3	12.36
103	2288	3	13
2243	14	3	8.16
1315	14	3	4.37
126	130	7	8.38
101	1744	6	25.39
2447	12	3	13.1
1220	110	4	21.03
145	129	6	9.71
3328	110	3	21.51
102	560	4	6.39
1036	14	4	6.4
7	3753	3	26.26
1190	105	3	8.67
103	652	16	83.38
557	114	5	21.42
103	2602	5	31.92
104	1631	5	24.22
101	3167	4	19.46
467	102	9	25.14
222	140	4	13.97
775	107	5	20.99
309	117	3	7.63
239	104	7	7.16
101	4426	3	18.27
101	4578	3	18.27
104	1046	3	7.87
101	2577	4	16.92
330	119	4	14.81
102	1116	3	7.2
107	167	17	37.88
133	293	3	10.21
581	105	5	11.97
226	231	6	43.22
1489	14	4	9.4
562	14	10	20.97
280	103	5	4.04
131	149	4	5.54
156	523	13	122.56
104	2761	3	14.53
118	114	14	6.95
101	1552	3	6.74
103	206	7	3.85
102	1069	3	6.82
114	321	3	6.03
1275	107	3	12.69
525	207	7	66.99
193	132	4	9.91
677	14	5	5.74
158	159	6	23.06
104	1242	5	20.02
694	133	5	32.72
117	397	3	9.55
108	636	6	26.3
136	316	6	31.81
103	454	4	5.73
103	498	21	110.23
113	124	61	195.68
283	1835	3	35.07
104	3682	3	18.26
5456	102	3	21.54
166	679	3	21.66
121	220	4	10.13
154	144	3	4.61
834	109	3	10.57
156	126	4	5.29
137	124	14	34.95
101	533	5	5.35
101	363	11	17.35
127	1239	3	19.46
229	283	6	47.75
128	203	6	20.33
12	2622	4	20.81
2557	14	3	9.29
147	148	4	7.82
12	683	6	15.58
124	245	3	7.52
603	110	3	9.38
124	103	55	62.28
101	445	12	26.97
2203	132	4	36.52
101	528	5	5.12
106	169	10	7.87
101	579	16	57.4
216	122	7	25.28
13	3547	4	53.12
196	124	5	12.76
109	1351	5	29.55
101	2811	5	25.15
128	239	3	8.05
105	1629	4	17.1
884	102	3	5.58
269	102	34	137.79
1312	102	5	19.02
163	124	10	31.56
109	591	6	25.32
1037	12	12	67.24
102	830	5	13.74
172	148	6	22.44
102	710	4	8.21
103	483	4	6.27
1846	14	3	6.49
2350	12	5	27.15
1698	13	6	68.28
101	1137	9	35.22
470	14	7	7.85
265	12	9	11.47
1668	116	4	28.11
15	125	5	26.09
512	111	4	13.73
532	141	3	16.56
332	143	3	13.19
8	829	8	56.28
104	1138	4	13.39
2971	102	5	35.9
261	107	14	50.05
105	610	12	52.32
114	3863	3	24.55
656	128	3	15.32
101	3133	5	30.46
294	231	5	38.25
2937	121	3	26.08
190	505	5	41.11
642	14	8	15.4
3475	8	3	27.01
346	110	21	125.11
104	1095	6	24.72
544	106	3	5.23
1746	12	4	16.26
174	194	4	17.64
640	114	3	10.58
2085	224	3	33.42
101	630	10	26.18
12	479	32	201.92
200	439	3	21.12
101	2048	4	13.67
413	720	3	31.49
275	1674	3	33.98
103	815	8	32.38
173	109	7	8.06
674	102	4	7.62
1663	102	4	15.59
102	575	10	34.74
574	106	3	5.56
631	123	4	21.37
249	142	13	84.88
140	667	5	34.5
2	185	3	5.46
108	365	3	5.44
1870	14	4	11.22
177	110	14	36.03
101	3573	3	13.87
109	1024	5	25.35
105	1192	3	8.67
108	174	8	10.45
105	1296	4	14.65
2519	102	4	21.19
112	422	9	41.88
114	1065	3	13.8
114	862	3	12.4
101	952	6	14.81
165	104	12	8.25
101	2218	5	22.28
109	1653	3	15.35
3028	14	3	10.76
106	2444	4	24.54
915	14	4	5.19
368	121	4	16.08
104	839	3	6.31
101	2302	3	9.1
104	779	3	6.06
116	781	4	20.84
245	116	7	24.23
1830	102	3	10.42
122	164	8	21.45
1604	113	3	16.86
301	146	6	33.65
3188	14	4	18.12
139	381	3	13.45
297	565	3	27.1
472	103	9	27.42
104	960	4	11.86
105	236	10	15.51
3900	2187	3	57.41
1711	102	3	10.42
320	117	3	7.97
1111	312	4	45.68
124	797	8	59.85
489	102	27	154
235	140	28	220.51
286	263	5	40.09
1222	14	3	3.98
627	102	4	7.1
218	104	11	15.83
101	1842	4	12.49
115	128	16	22.61
115	331	7	28.5
126	161	5	10.4
269	177	5	30.95
101	4030	3	13.87
2228	1029	3	46.06
1265	12	4	12.81
12	1928	3	10.95
398	142	5	29.2
101	1162	5	12.34
101	1213	4	8.59
1698	8	3	20.11
149	145	8	25.93
803	130	4	25.24
531	105	3	4.13
550	14	8	12.81
101	499	9	17.46
148	854	4	29.86
106	221	9	13.5
116	323	4	12.61
181	136	5	15.29
669	128	4	23.16
1274	113	4	22.72
591	111	3	9.34
2920	1895	3	54.15
315	102	8	12.35
526	251	3	25.36
326	101	7	4.73
185	137	10	44.62
118	203	3	4.68
164	192	3	10.7
714	110	6	29.75
106	471	3	4.5
112	595	3	9.76
893	455	3	33.75
341	152	3	14.88
167	103	12	7.62
831	105	3	6.31
125	143	9	18.25
1122	113	3	14.15
4157	102	3	17.1
109	144	24	49.62
140	122	10	18.91
213	124	10	43.11
12	1772	3	10.14
109	296	11	41.24
104	1323	3	9.13
141	349	3	13.29
1827	14	3	6.49
133	163	8	25.23
348	14	9	8.08
103	5747	3	22.37
732	105	5	14.17
104	355	28	138.56
751	14	7	13.85
120	137	20	59.98
105	656	3	4.98
224	193	3	14.62
103	1346	3	9.31
106	269	6	8.24
1023	102	4	10.9
106	187	8	6.11
118	488	4	17.8
2364	102	3	12.2
1090	114	3	13.8
342	130	9	54.48
534	593	3	32.28
104	238	9	12.4
1439	110	3	15.45
109	546	6	24.5
101	4117	3	13.87
108	765	3	10.11
113	101	180	158.47
361	651	4	42.15
102	616	7	19.95
192	109	5	4.6
706	101	4	4.43
101	3467	4	24.37
612	123	3	14.02
115	227	4	7.76
671	106	3	6.32
1165	14	7	20.46
1269	108	7	45.72
211	14	37	74.9
101	859	9	28.38
201	443	3	21.38
547	102	6	13.65
104	605	3	4.61
104	657	3	4.98
168	727	3	22.22
314	104	5	5.47
101	2332	3	9.1
108	1271	4	20.45
120	639	4	21.12
1401	102	3	8.55
130	1676	3	22.31
101	4547	3	18.27
109	2018	4	25.55
1795	102	4	16.63
146	117	8	10.72
2126	111	3	18.88
159	831	4	32.07
104	4365	3	22.71
2219	116	3	21.61
1185	1261	6	97.55
112	315	6	18.39
3038	14	4	18.12
4880	14	3	17.25
749	121	7	48.42
1051	104	3	7.87
1760	102	3	10.42
667	113	11	71.1
164	228	5	26.89
103	1450	4	15.74
104	4694	3	22.71
118	166	9	24.03
244	14	16	16.11
130	1107	3	19.55
105	641	3	4.98
140	130	6	8.83
2234	14	3	8.16
4181	12	3	16.81
167	151	10	48.17
723	102	9	33.71
1509	122	3	20.12
136	584	3	16.28
101	1433	5	15.89
101	1359	4	9.87
4076	111	4	37.83
217	109	4	4.24
103	514	6	14.41
101	1315	6	19.29
136	331	13	93.26
114	520	3	9.41
163	152	4	11.77
2077	14	4	12.38
291	125	5	20.03
109	1319	3	13.58
473	106	3	4.5
156	213	3	10.8
3574	113	4	38.63
12	768	4	8.52
175	146	6	21.67
284	7	35	260.57
273	124	7	31.13
1137	102	5	17.36
101	2185	3	9.1
152	321	4	21.47
170	101	17	5.92
2143	12	4	18.94
575	14	5	4.63
101	921	4	6.27
109	5474	3	27.42
5778	121	3	32.79
106	625	3	5.92
2781	14	3	9.29
1598	8	3	19.36
1525	14	3	5.29
671	105	3	5.17
1281	113	6	40.12
116	1940	6	53.29
5595	102	3	21.54
423	104	4	5.31
355	883	14	204.15
16	155	4	4.98
268	9	3	6.76
101	3287	3	11.74
954	102	4	10.43
183	107	39	167.14
1348	121	4	28.52
2027	135	3	24.88
103	636	4	8.29
12	392	5	6.03
454	14	6	4.85
109	3351	4	31.58
156	1079	7	67.73
885	858	4	52.96
146	177	3	7.05
146	122	10	21.67
101	2390	3	9.1
148	107	9	4.8
390	14	12	19.22
133	710	3	16.6
4410	8	3	31.5
231	442	4	33.15
631	110	3	9.59
232	106	7	8.86
728	14	10	26.54
1168	12	3	6.94
2	12	41	29.93
2705	14	3	9.29
268	17	10	81.2
101	2032	3	8.18
5	102	16	40.04
101	1777	3	7.4
106	1884	3	13.68
103	935	3	6.88
101	1837	3	7.4
307	124	3	9.28
102	136	62	110.51
112	488	4	13.58
1172	102	7	29.98
102	193	9	4.16
107	1289	3	12.69
112	406	5	16.98
109	1008	6	33
3113	12	3	14.63
16	112	11	5.31
139	278	3	10.96
1731	14	4	11.22
506	14	6	6.07
134	159	6	15.33
101	1020	9	32.1
132	136	5	5.71
134	603	5	31.67
119	628	3	13.73
168	331	4	24.71
109	1216	4	20.02
103	4102	3	17.92
718	102	8	27.79
109	1165	7	43.43
2040	14	3	7.25
229	142	3	9.76
2165	110	5	38.67
12	667	4	7.3
124	229	4	11.29
295	130	9	50.5
101	460	7	9.36
154	179	7	30.56
1118	105	3	8.25
113	152	6	4.12
3342	14	3	10.76
103	543	5	10.86
12	3285	3	14.63
157	797	8	75.15
34	162	3	26.98
3514	101	3	13.87
444	107	4	10.19
558	101	6	8.52
101	4023	3	13.87
944	612	3	35.96
140	117	11	17.49
133	1586	4	32.66
178	156	12	66.25
107	1971	3	16.03
106	1125	4	15.11
118	142	6	5.76
185	129	9	33.84
164	130	5	11.46
1289	14	5	12.36
2631	106	4	24.54
120	184	4	7.26
1640	107	3	14.45
104	389	16	61.54
101	2997	3	11.74
2403	233	6	89.48
110	178	9	16.28
102	819	5	13.74
101	1197	3	4.8
653	103	3	4.7
103	414	4	4.96
130	271	3	9.46
269	109	10	32.6
147	104	14	4.59
181	151	4	13.57
147	164	3	6.61
238	109	7	15.7
110	410	4	11.35
119	705	4	21.65
149	327	3	14.45
12	678	15	71.48
911	14	4	5.19
148	937	3	21.19
1187	14	3	3.98
629	106	4	10.02
270	129	6	26.36
1121	141	13	146.01
456	1581	6	88.01
479	101	11	25.14
110	161	15	35.68
304	1227	13	198.44
768	233	6	63.71
128	341	3	10.96
109	326	6	17.15
140	309	4	18.13
140	235	13	79.86
104	1145	6	25.65
2493	102	3	13.39
525	102	4	5.97
101	3757	3	13.87
2223	108	3	17.75
114	14	107	14.51
2607	12	3	13.1
2244	110	3	18.71
109	2984	3	20.73
101	1401	4	9.87
855	118	4	22.74
174	3840	3	36.26
16	57	4	18.68
443	130	6	35.09
1512	14	6	19.93
108	480	7	28.69
102	2863	4	23.77
101	1911	6	27.75
102	393	23	101.43
386	117	3	9.31
548	111	3	8.97
107	204	14	38.09
7	219	3	4.41
105	221	7	5.53
2687	2089	3	52.57
2303	12	3	11.92
1465	116	11	114.22
1074	12	3	6.57
104	2412	3	14.53
565	484	3	31.12
110	2198	4	28.1
107	571	3	7.46
103	853	5	15.52
145	124	5	5.46
155	498	3	17.83
101	1858	3	7.4
179	126	3	4.65
115	143	9	10.62
5001	111	3	28.37
117	2593	3	22.98
104	1964	3	12.36
177	12	13	8.35
109	1091	3	12.25
1360	14	3	4.8
4994	105	3	22.71
333	123	3	10.03
102	103	287	214.87
109	2252	5	37.37
1820	14	4	11.22
599	108	3	8.49
109	2320	3	17.94
184	1473	7	82.46
874	102	3	5.58
2425	1189	4	68.6
141	723	3	18.35
104	2069	3	12.36
101	3415	4	24.37
111	160	8	10.21
491	104	5	10.27
3147	102	4	23.77
170	124	5	10.56
260	102	27	91.66
104	793	3	6.06
12	339	6	7.13
1982	106	6	39.24
3512	147	3	32.78
9	137	6	4.34
293	121	14	83.66
223	106	9	13.64
1130	115	3	15.37
358	105	4	4.17
101	934	8	24.98
12	442	4	4.29
107	238	4	4.31
107	157	11	12.62
330	118	3	8.87
101	620	6	9.6
104	2209	4	20.86
343	104	7	13.05
309	122	3	9.14
1029	101	4	7.08
101	4563	3	18.27
134	1287	3	20.91
3948	102	3	17.1
372	104	5	7.41
3311	101	3	11.74
162	114	7	9.3
142	193	3	7.5
528	14	7	9.17
1987	12	3	10.95
3781	14	3	12.87
103	645	11	46.31
392	390	3	26.74
101	1434	3	6.16
4408	126	3	33.89
287	104	5	4.61
887	153	3	21.57
184	961	4	36.24
131	146	4	4.44
104	4739	3	22.71
164	109	7	6.73
109	5702	3	27.42
106	400	4	6.46
105	640	4	8.69
206	14	14	5.5
2304	14	4	13.79
280	108	4	6.68
425	103	10	29.06
670	975	3	37.03
1009	147	3	21.49
969	14	4	5.56
128	214	6	21.35
128	142	8	15.49
722	21	4	27.26
119	742	3	14.68
220	152	7	36.97
105	946	3	7.18
434	127	4	19.09
116	174	5	7.88
101	542	16	54.69
1390	102	4	13.89
295	109	6	15.38
103	1271	3	8.81
311	128	3	10.2
124	151	7	13.8
229	173	3	13.91
175	191	6	31.2
321	415	4	36.68
151	2584	3	29.79
4875	4850	3	71.47
390	3429	4	65.45
103	513	5	10.3
121	279	5	18.52
102	668	3	4.23
121	117	12	11.32
102	752	3	4.85
172	104	18	25.75
834	102	3	5.32
938	14	4	5.56
1271	14	3	4.37
101	1447	7	28.61
1316	141	6	54.8
1318	116	3	17.19
101	3737	3	13.87
497	118	4	18.03
104	1244	11	68.89
109	291	10	34.98
150	142	5	11.38
658	103	5	12.48
104	358	19	76.3
299	14	9	5.46
1570	118	3	19.8
369	293	3	23.92
562	12	4	6.07
3718	102	3	17.1
199	134	16	87.77
106	566	3	5.39
103	1520	3	9.87
3608	102	4	28.72
465	102	4	5.22
1381	102	6	26.78
212	140	5	19.02
102	1674	3	9.71
275	151	3	13.07
1629	102	3	9.71
137	173	3	5.94
577	101	6	8.87
130	1444	9	93.14
104	286	9	16.78
2091	179	4	43.59
110	512	3	8.47
181	247	3	15.17
2054	14	3	7.25
1169	116	3	16.25
163	139	4	9.03
1185	2474	4	68.6
130	227	3	7.99
278	433	6	58.38
101	1237	7	23.92
1738	113	3	17.61
103	500	4	6.46
154	211	6	29.18
1430	2480	6	119.46
108	136	32	70.97
157	206	3	10.89
151	242	5	24.98
112	385	4	11.36
101	1626	3	6.74
304	3147	4	57.68
101	939	5	10.46
134	136	5	6.15
105	15	4	6.1
2972	102	3	14.92
1039	193	4	37.92
101	2251	4	15.1
2009	206	3	32.49
119	101	54	10.18
793	16	3	16.37
343	109	3	5.12
169	316	9	69.46
1182	107	3	12.21
219	101	14	10.44
104	1044	5	18.48
101	2507	4	16.92
165	458	9	79.14
191	154	4	14.18
1812	14	6	23.4
763	14	9	22.6
1444	14	3	5.29
123	103	36	19.32
350	105	4	3.96
1462	105	3	10.19
102	349	8	14.45
1036	12	3	6.57
1119	118	3	17.05
101	2063	3	8.18
109	2618	3	19.16
207	990	4	39.12
102	396	4	3.89
5	9	3	7.03
703	110	5	22.35
210	103	16	29.45
104	1644	3	10.82
745	388	3	31.22
303	106	14	45.67
2813	108	3	18.97
146	248	9	53.22
460	14	7	7.55
842	105	3	6.31
146	148	3	4.14
180	103	31	75.19
829	14	21	120.82
160	528	3	19.47
109	3330	3	20.73
919	102	6	20.11
3432	1550	4	79.53
148	122	7	11.87
296	102	7	8.43
105	3015	3	16.07
103	1756	3	11.2
106	748	8	35.06
101	1090	3	4.1
713	128	3	16.05
205	157	3	10.85
561	14	5	4.38
152	123	8	17.41
1267	103	3	8.81
170	127	5	11.61
105	356	5	6.79
120	927	3	16.58
231	148	3	10.73
313	103	5	5.06
109	1026	3	11.87
2783	14	3	9.29
101	1719	5	18.48
101	1795	4	12.49
145	114	7	4.36
307	113	5	13.85
264	143	3	11.17
207	788	7	73.56
466	102	5	8.38
538	9	5	25.13
117	109	16	4.01
104	1461	7	38.76
1720	102	3	10.42
338	178	3	17.56
2083	14	4	12.38
634	112	3	9.97
121	133	7	6.66
101	1210	7	23.92
101	1286	3	5.2
107	1077	3	11.37
124	165	4	6.41
101	376	29	110.76
1211	14	3	3.98
101	526	12	31.89
147	161	11	50.71
308	117	3	7.63
109	1349	3	14.11
101	2880	3	11.74
110	104	93	72.54
133	134	5	4.85
101	3135	4	19.46
335	575	4	40.48
4423	128	3	33.99
101	2983	3	11.74
853	14	4	4.85
101	276	24	56.52
3441	12	3	16.81
388	106	4	6.18
470	12	4	4.92
195	147	7	30.96
101	1596	7	30.72
265	14	24	46.24
3951	110	3	23.72
109	3131	4	31.58
106	1107	6	28.31
2588	102	3	13.39
109	265	22	107.78
140	104	17	5.02
1842	102	3	10.42
149	147	3	4.94
1236	14	8	27.59
138	925	3	19.6
3530	4654	3	66.97
352	145	6	35.93
550	12	4	5.86
190	129	10	40.65
103	1194	4	13.56
101	457	20	71.05
101	399	21	66.98
147	117	7	8.67
105	862	3	6.58
1274	111	4	21.94
8	1717	7	64.02
591	113	7	35.39
414	102	6	10.16
101	2678	5	25.15
462	101	6	6.52
117	228	11	45.73
827	101	6	12.89
198	140	4	11.97
103	4834	3	22.37
103	2765	4	22.28
102	781	8	29.39
109	2794	4	28.96
101	1164	5	12.34
2685	12	4	20.81
1054	14	9	30.65
176	128	5	12.04
1122	111	3	13.57
203	111	8	17.84
422	107	8	29.82
109	211	24	101.94
7	1879	3	20.22
580	102	4	6.61
104	1218	3	8.67
109	262	27	143.57
397	177	3	18.8
105	741	3	5.59
535	101	5	5.35
104	450	5	9.54
104	400	7	15.55
133	146	5	7.28
272	7	6	20.07
1279	140	4	31.87
101	3054	5	30.46
175	411	6	46.48
124	425	3	11.61
516	121	4	19.35
104	2685	3	14.53
101	324	7	4.43
103	1446	3	9.87
980	106	5	19.98
120	794	3	15.31
2469	14	3	9.29
101	649	12	37.48
123	136	6	6.37
106	929	5	19.34
104	2344	3	13.33
138	101	121	259.16
263	113	6	16.24
101	1977	6	27.75
1226	102	4	12.53
104	3443	4	30.28
371	140	3	13.32
12	1250	3	7.34
631	14	5	5.15
104	1771	4	18.15
197	123	4	8.66
2	112	13	10.52
3559	139	3	31.29
129	1139	3	19.22
108	103	127	115.76
115	126	20	34.96
103	990	5	17.27
1083	171	4	36.31
518	246	4	35.83
101	1085	10	40.34
304	3181	5	78.44
2229	102	4	19.33
12	107	84	11.03
205	226	3	15.93
1984	106	5	29.66
105	407	4	5.17
3624	14	3	12.87
2505	14	5	23.47
12	322	5	4.11
107	369	3	4.84
105	2803	3	14.53
1799	14	3	6.49
211	12	15	22.21
104	2583	3	14.53
119	124	9	8.45
104	743	10	43.76
450	109	4	11.49
108	209	5	6.09
437	5	6	58.53
108	260	5	9.17
447	14	9	12.71
1366	14	4	8.66
106	2116	3	14.67
101	1673	4	11.49
1498	14	3	5.29
301	163	9	67.25
2802	14	4	15.6
886	471	3	34.08
2	155	4	5.6
210	136	10	50.2
222	143	6	26.95
142	206	3	8.54
8	180	4	5.7
5204	4669	3	71.47
105	204	7	4.26
134	562	3	15.35
101	2528	3	10.25
104	1067	3	7.87
1384	140	3	22.45
819	156	5	40.99
12	455	15	55.7
107	221	5	5.96
101	814	6	12.89
106	1096	7	34.6
101	5059	3	18.27
2988	14	5	28.76
348	12	5	4.84
272	129	3	9.23
101	2961	5	30.46
751	12	3	4.61
465	2977	3	43.92
103	1389	5	21.32
199	146	5	18.91
103	1597	3	10.49
107	623	3	8.03
118	237	3	6.16
12	907	4	9.65
103	194	30	78.38
101	1504	4	10.63
1563	102	3	9.71
628	102	18	93.35
278	156	7	43.33
150	139	7	18.95
338	324	3	24.08
104	1365	8	45.48
1980	14	3	7.25
104	1499	5	22.97
117	327	3	8.16
182	147	7	29.5
248	139	3	10.11
927	8	3	15.44
157	833	3	21.75
274	109	6	14.32
709	144	4	27.03
101	1252	3	4.8
2841	233	4	54.56
172	178	3	10.63
154	265	4	19.26
101	410	7	7.45
101	350	31	115.92
101	559	5	5.6
148	970	4	30.8
106	189	27	77.18
101	484	11	25.14
156	153	3	5.95
202	117	3	4.04
104	156	13	5.68
133	346	3	11.6
1294	14	5	12.36
220	139	6	25.36
920	324	6	71.71
102	217	11	12.55
236	152	3	11.72
102	174	32	67.72
971	105	3	7.18
543	12	4	5.86
145	214	7	33.26
459	106	4	7.78
179	110	5	4.54
139	117	46	194.37
192	104	13	15.51
117	845	4	21.42
242	173	4	21.65
139	228	15	94.28
1409	102	3	8.55
8	1302	3	17.56
119	184	13	51.51
205	140	6	24.01
409	592	4	42.74
1290	14	3	4.37
132	174	3	4.98
138	451	5	29.9
184	200	3	12.76
148	576	3	17.95
211	110	5	7.6
101	856	14	61.45
109	5644	3	27.42
101	1007	10	38.57
2176	108	4	26.8
153	2585	3	29.79
241	313	5	40.13
415	107	6	18.87
104	1060	3	7.87
106	2160	4	22.66
571	102	18	87.85
197	128	3	5.77
139	429	3	14.23
104	1765	3	11.53
114	844	4	18.54
509	121	33	353.14
1092	14	5	10.16
136	884	4	27.6
101	1943	4	13.67
481	2486	3	42.5
103	5091	3	22.37
109	159	12	19.59
117	383	7	33.54
101	1565	4	11.49
554	146	4	25.44
101	1431	6	21.88
101	1357	3	5.66
360	104	4	4.17
114	187	5	6.27
13	773	3	22.35
121	408	4	17.08
114	334	3	6.39
112	655	3	10.18
600	275	6	63.09
101	295	19	39.42
996	102	8	34.44
881	113	3	12.33
212	204	4	22.62
118	101	124	131.67
244	12	8	7.36
104	342	15	50.4
120	198	7	21.37
507	14	9	15.37
448	179	5	38.57
1803	14	3	6.49
128	186	7	22.59
109	1317	5	28.55
101	2780	3	10.25
304	1437	6	79.06
116	103	55	35.91
1354	102	9	51.3
137	113	12	13.07
101	495	5	4.67
137	158	4	8
101	547	9	19.05
617	104	3	4.79
104	3800	3	18.26
207	209	3	15.18
515	156	5	35.69
130	169	6	16.39
108	650	8	40.21
1472	14	5	14.3
141	103	23	14.78
2528	14	3	9.29
1093	12	3	6.57
508	119	4	19.08
136	284	3	11.06
1107	12	4	11.58
785	14	5	7.15
615	117	3	12.47
220	283	3	18.98
290	101	12	14.34
147	122	6	8.57
378	312	5	46.44
128	124	7	6.4
104	215	27	82.27
12	801	16	87.92
401	116	4	14.79
12	749	5	12.38
1224	118	4	25.95
202	135	3	7.5
820	14	4	4.53
190	137	12	59.17
1741	14	3	6.49
101	561	14	44.27
5138	108	3	27.22
103	1303	4	14.21
395	147	3	15.14
124	430	3	11.75
714	14	5	6.4
106	534	3	5.23
942	1453	3	42.36
105	672	4	8.97
171	101	22	14.49
315	107	7	19.03
1180	149	3	23.46
712	128	15	138.58
142	1864	3	24.93
104	1223	4	13.99
243	124	3	7.46
458	108	5	16.49
542	14	6	6.64
114	123	12	6.46
101	1478	4	10.63
104	4020	3	18.26
831	108	3	10.39
136	474	4	22.36
101	5296	3	18.27
101	3198	3	11.74
104	1728	3	11.53
1904	119	4	32.39
109	832	5	22.98
1026	14	7	18.39
142	165	3	5.98
811	118	3	14.9
141	1023	5	40.04
232	108	4	4.78
2	14	46	7.56
1168	14	4	6.89
101	1914	6	27.75
1178	5	3	31.66
241	246	3	18.75
390	12	5	5.86
993	14	4	5.96
1340	1041	3	42.53
104	1077	3	7.87
119	374	3	10.3
506	12	4	5.46
104	761	4	9.9
101	4268	3	18.27
119	274	3	7.95
245	14	15	13.64
1351	14	4	8.66
1018	110	9	61.27
169	358	3	17.41
101	1074	3	4.1
283	359	3	23.51
2624	102	4	21.19
774	101	4	5.26
12	246	7	5.16
306	141	3	12.22
375	101	6	4.15
218	161	4	18.81
115	140	7	4.79
101	1659	4	11.49
126	104	43	43.82
518	107	3	7.12
4037	14	3	12.87
1032	130	12	117.58
1306	105	3	9.13
259	105	8	11.23
344	412	9	100.24
622	12	4	6.77
1317	14	5	12.36
256	141	3	10.83
148	117	5	3.9
101	693	15	58.72
12	424	26	125.77
103	3150	3	15.73
3209	14	3	10.76
2806	192	4	48.15
681	103	3	4.89
1258	105	3	9.13
3244	14	3	10.76
104	1863	3	11.53
101	3247	3	11.74
268	207	10	84.44
122	117	26	57.87
453	101	10	19.35
101	1909	7	36.71
112	184	19	65.79
214	111	4	4.91
179	128	20	102.94
112	477	3	8.52
837	12	3	5.08
177	14	43	64.55
151	318	5	28.79
117	751	4	20.64
260	263	3	19.92
2657	12	3	13.1
160	337	3	16.14
1395	12	5	19.52
594	9	3	12.52
9	16	8	5.44
103	1823	3	11.2
101	889	6	14.12
106	657	9	38.55
344	3996	4	64.17
116	136	11	16.34
238	107	5	7.09
104	269	16	44.05
107	1014	3	10.99
175	293	18	166.74
3811	14	3	12.87
12	724	5	11.96
124	106	32	24.28
603	14	6	7.61
124	159	10	29.81
103	1254	4	13.56
911	12	3	5.61
1813	110	4	25.33
102	765	3	5.08
720	593	3	34.1
113	198	4	4.28
1569	14	3	5.85
529	14	10	19.7
101	1199	4	8.59
274	135	3	10.56
161	259	5	28.71
356	140	4	19.61
104	1454	7	38.76
1050	9	3	16.24
163	182	3	10.23
3715	7	3	26.26
182	431	4	28.65
112	729	11	72.08
1421	14	5	14.3
629	108	3	8.69
3577	2151	3	57.41
3511	147	3	32.78
2059	12	5	25
1564	108	3	15.16
104	2669	4	22.74
153	126	12	37.81
2216	102	3	12.2
110	160	20	56.28
991	113	10	73.69
104	435	6	12.63
133	328	3	11.19
131	209	3	7.08
270	114	6	16.78
107	811	3	9.71
104	539	4	7.45
101	5075	3	18.27
2430	13	3	31.51
140	205	5	18.24
512	257	4	36.23
167	131	3	4.55
101	1236	4	8.59
103	459	11	37.62
101	1304	3	5.2
1044	102	4	11.4
442	104	4	5.77
101	1185	10	44.56
104	1483	3	10.19
163	127	23	116.18
130	221	3	7.59
1617	14	3	5.85
101	2827	3	10.25
109	1300	6	37.05
101	2723	3	10.25
1635	133	3	22.38
363	257	3	22.69
111	662	4	15.59
12	2619	3	13.1
2758	14	3	9.29
181	106	8	5.73
391	125	4	17.35
2287	101	3	9.1
1125	102	8	37.11
132	802	3	17.14
111	161	16	40.76
385	113	9	41.24
4164	102	3	17.1
608	102	6	14.8
3888	9	4	42.06
104	623	3	4.79
1451	12	3	8.82
1012	14	4	5.96
12	133	64	92.62
101	976	7	20.58
223	108	4	4.21
211	116	4	7.78
630	106	4	10.02
5647	14	3	17.25
143	167	8	31.03
340	268	21	252.38
886	156	4	31.67
145	139	5	8.8
599	106	5	14.35
101	1741	3	7.4
115	167	5	6.05
524	102	9	27.3
790	177	3	23.4
2874	101	4	19.46
101	3485	4	24.37
231	104	11	17.89
2610	102	3	13.39
631	197	4	33.45
292	213	3	18.84
1178	156	3	23.86
1987	14	3	7.25
112	200	6	10.05
102	496	4	5.58
109	2508	4	28.96
107	236	4	4.31
495	12	4	5.27
276	105	6	6.66
201	147	4	14.31
105	140	23	14.34
495	2893	4	63.11
111	410	4	11.56
645	233	3	25.83
742	102	5	12.4
717	103	3	5.3
1670	135	4	33.83
449	132	9	61.78
108	1164	5	26.5
940	14	4	5.56
2034	130	5	46.93
698	12	4	7.58
289	14	25	57.05
191	140	10	46.26
679	107	3	8.46
12	395	23	99.25
2689	102	5	30.55
148	325	5	28.07
101	600	15	52.59
406	102	24	111.4
122	151	13	39.14
208	104	9	8.88
337	105	5	6.36
416	132	17	137.67
133	1878	3	24
954	105	3	7.18
1244	14	3	3.98
108	150	13	17.69
1388	12	3	8.28
139	229	10	54.47
117	694	12	90.69
101	3463	3	13.87
151	227	3	11.31
13	437	3	18.46
307	140	3	11.81
115	224	3	4.13
103	1025	6	23.2
136	840	3	18.51
671	102	3	4.23
771	124	4	23.54
725	122	4	22.47
797	107	6	27.6
1369	126	7	62.85
588	102	6	14.4
293	297	3	22.07
1912	130	7	74.5
106	4587	3	24.08
119	286	3	8.24
1406	135	3	21.99
104	805	6	20.99
1156	14	6	15.36
103	1283	3	8.81
101	412	23	79.94
1574	14	3	5.85
107	1045	3	11.37
747	108	13	86.76
128	269	3	8.94
290	143	5	25.08
216	149	5	22.74
104	1363	5	21.88
130	101	107	162.14
198	114	6	10.32
198	182	3	12.45
130	168	4	7.95
209	9	4	8.03
387	108	3	5.75
493	14	6	5.81
101	1254	5	13.09
121	159	7	15.49
262	12	9	11.12
281	154	5	27.37
6	268	10	88.1
101	1564	5	17.08
871	106	3	7.79
3964	135	3	30.95
470	129	3	13.56
1184	12	4	12.16
104	1311	4	14.65
312	180	7	52.13
103	5759	3	22.37
732	109	3	9.77
880	102	3	5.58
4281	4301	3	71.47
128	384	7	39.77
171	143	12	58.03
141	1178	4	31.75
12	1073	5	16.18
118	169	9	24.44
2525	150	6	76.12
535	110	3	8.82
104	567	8	26.23
212	113	9	25.07
305	101	19	41.12
104	2687	3	14.53
131	122	43	181.41
199	107	36	161.38
937	102	3	6.16
131	220	5	17.38
593	22	3	39.29
2554	109	3	19.16
144	143	10	31.94
114	124	47	128.07
117	427	4	15.5
102	2227	3	12.2
103	3081	3	15.73
140	231	4	14.69
108	662	3	8.9
198	127	4	9.62
110	1121	11	86.13
8	11	4	24.72
140	430	3	14.34
112	915	4	18.85
172	136	17	89.65
106	1546	4	18.87
101	1150	6	17.24
4031	101	3	13.87
106	114	42	12.1
2454	16	4	37.39
101	459	9	16.05
572	105	3	4.29
104	259	26	95.69
378	263	5	43.88
5722	106	3	24.08
238	118	9	37.02
128	123	12	20.56
101	2692	3	10.25
110	480	3	8.15
941	12	3	5.91
1506	14	4	9.4
101	1023	5	11.03
143	139	4	5.37
9	14	217	355.29
106	731	5	16.27
175	667	9	89.25
12	105	140	9.02
2094	14	4	12.38
636	102	7	20.48
119	128	13	22.15
101	2179	3	9.1
105	341	6	9.59
109	1087	6	33.88
104	2036	4	19.38
108	109	44	26.69
108	161	6	4.1
2401	9	4	34.44
288	119	3	8.24
115	270	3	5.71
114	982	4	20.38
115	588	4	17.08
122	108	18	11.38
101	1991	6	27.75
777	106	9	42.97
618	103	3	4.52
905	14	7	16.65
112	303	12	52.46
104	1661	3	10.82
357	101	15	31.38
1098	7	3	15.46
1852	102	4	16.63
139	377	4	20.08
372	136	4	19.9
267	109	4	6.3
105	166	15	15.09
283	116	4	11.37
16	7	16	23.8
106	3296	3	17.42
104	1907	5	27.41
16	6	3	7.29
818	102	10	43.36
103	1059	3	7.56
2296	110	4	28.1
166	276	3	15.1
126	174	3	4.46
943	105	3	7.18
1287	14	6	17.38
9	125	10	8.97
1241	105	4	13.99
2265	110	3	18.71
106	810	6	23.59
101	1100	3	4.1
190	717	5	45.24
560	103	3	4.02
12	119	36	9.28
58	14	8	5.46
271	116	5	15.43
109	1853	3	16.09
170	140	4	10.01
101	2306	3	9.1
106	2448	4	24.54
433	523	3	29.76
215	275	7	55.27
104	1099	4	12.84
180	109	11	21.93
101	2408	4	16.92
7	175	6	10.75
104	947	3	7.18
111	398	3	6.95
940	189	4	36.64
1410	12	3	8.28
1091	14	4	6.4
2013	14	3	7.25
109	3244	4	31.58
1078	105	3	7.87
2288	14	3	8.16
191	14	16	5.1
12	425	4	3.87
537	106	3	5.23
112	286	6	17.05
328	108	6	16.8
1134	14	5	10.82
249	319	4	30.8
716	102	3	4.63
232	117	4	9.15
108	361	3	5.34
157	347	4	23.39
112	730	3	10.88
287	209	4	26.92
3092	126	4	40.19
1688	128	3	21.82
355	110	4	10
261	103	7	7.88
239	650	3	26.09
110	159	11	18.69
1535	8	3	19.36
158	1404	4	36.88
326	226	3	20.57
1270	122	4	27.95
101	193	16	8.18
12	679	3	4
1319	102	4	13.17
329	9	4	13.51
147	103	15	5.09
220	157	3	11.61
1467	14	3	5.29
128	169	13	52.72
117	245	4	9.82
1804	14	4	11.22
104	1605	3	10.82
198	154	7	33.46
281	114	9	33.64
172	209	4	19.35
351	109	3	5.21
106	1574	3	12.12
653	104	5	12.99
210	2198	3	33.71
233	180	4	21.67
104	1557	4	17.1
109	431	3	6.49
221	225	5	33.06
2238	121	3	23.27
2258	12	3	11.92
12	2046	3	10.95
101	545	6	8.2
101	469	26	114.49
156	137	3	4.02
1090	12	3	6.57
421	14	7	6
110	396	3	6.8
101	2722	4	16.92
1053	107	3	11.37
520	202	3	22.77
147	144	7	19.25
3493	1533	3	54.75
181	107	7	7.54
104	420	5	8.49
110	323	5	13.43
581	109	3	8.47
159	193	7	35.37
1368	110	4	22.47
131	145	9	21.77
164	106	14	16.48
604	593	3	32.9
294	135	9	53.05
118	123	8	5.04
109	2966	4	31.58
101	1387	5	14.84
3426	8	3	27.01
590	105	3	4.45
1780	108	3	15.9
62	12	11	21.67
1986	567	4	58.06
162	2504	4	45.52
2410	14	6	34.51
411	140	13	101.93
332	113	6	20.2
104	1230	4	13.99
109	230	20	83.71
108	886	5	23.78
3020	2893	4	82.98
2349	111	3	18.88
114	762	3	11.54
101	1945	3	8.18
120	1920	4	32.51
142	264	3	10.99
101	3231	4	19.46
104	1695	3	11.53
142	133	46	253.98
8	165	5	7.56
415	118	6	29.24
1171	14	6	15.36
104	879	3	6.58
101	2573	3	10.25
107	111	42	24.97
161	1613	3	27.62
101	677	12	38.59
103	1990	3	12.03
123	161	26	130.2
104	2312	5	29.57
132	104	39	40.37
101	874	7	18.01
300	201	3	18.3
129	490	3	13.72
1324	14	4	8
109	1804	4	24.3
424	145	4	22.42
4040	14	3	12.87
895	14	8	21.43
1378	121	10	98.61
101	2138	5	22.28
225	337	4	30.03
209	604	4	34.48
105	1203	3	8.67
1352	14	4	8.66
109	989	10	68.54
104	2070	5	27.41
101	5510	3	18.27
3021	116	3	24.42
102	104	417	588.85
166	279	3	15.18
101	1808	6	25.39
389	102	5	6.23
155	559	3	18.58
109	2201	4	27.06
103	1074	5	17.94
101	1636	6	23.48
2163	3510	3	57.41
196	140	6	22.33
104	184	17	25.9
110	564	3	9
120	389	5	22.76
116	178	4	5.11
956	109	3	11.51
181	104	9	5.25
147	151	3	5.04
352	121	3	9.95
1007	850	3	38.72
101	428	9	14.02
202	108	5	5.57
136	257	3	10.18
101	1298	4	9.2
673	103	3	4.89
103	576	4	7.53
121	291	3	8.51
262	116	3	6.21
316	14	13	16.09
154	147	9	33.05
163	140	3	5.4
417	102	6	10.16
102	2450	4	21.19
117	151	5	4.73
168	1174	3	25.27
150	141	3	4.25
658	102	6	15.65
101	1372	3	5.66
103	324	10	22.62
1082	14	6	14.5
816	12	3	5.08
106	506	9	33.87
103	1587	3	10.49
1049	14	4	6.4
104	477	4	6.64
581	102	6	14.4
171	128	6	16.13
206	111	8	18.06
107	242	6	10.72
107	101	128	11.34
138	187	3	6.68
106	1018	4	14.03
106	974	4	14.03
101	736	12	41.01
239	103	11	18.21
521	14	6	6.35
1561	14	4	10.24
129	157	7	17.41
105	273	5	4.15
104	985	10	53.01
486	14	9	14.41
1594	14	4	10.24
429	142	4	22.06
667	116	3	12.78
13	155	6	22.28
135	101	126	267.46
1106	114	3	14.22
102	482	4	5.39
138	1529	3	23.56
1017	102	14	84.87
103	753	4	9.5
101	2002	3	8.18
393	2892	5	82.15
102	160	20	19.6
112	585	12	74.44
834	603	3	34.96
127	938	5	35.39
108	339	4	8.47
139	103	43	61.11
108	192	5	4.38
151	169	3	7.65
103	2349	3	13
313	145	3	12.83
111	103	121	135.48
906	106	4	13.1
105	581	3	4.45
104	609	10	39.23
12	277	9	12.39
12	328	5	4.34
12	131	316	1569.52
132	160	4	7.17
685	202	9	96.27
106	720	3	6.76
148	382	3	14.96
358	109	3	5.4
143	113	8	5.82
223	102	11	13.01
433	386	3	27.43
205	113	4	5.02
119	143	14	35.98
279	102	10	16.54
134	122	10	16.17
582	104	5	11.97
101	955	4	6.66
846	14	5	8.01
825	105	3	6.31
58	112	3	6.02
138	471	5	30.45
12	231	11	13.67
101	1718	4	12.49
432	105	5	8.89
570	110	3	9
214	169	3	12.66
102	148	26	22.04
2136	112	6	51.51
178	877	3	24.08
1402	14	4	8.66
204	126	3	6.32
242	321	7	61.96
574	109	3	8.47
254	1438	3	32.63
104	3577	3	18.26
537	105	3	4.13
173	106	10	8.78
605	116	4	18.51
103	738	6	18.62
317	12	5	3.89
13	112	31	121.38
101	835	7	17.27
2801	14	3	9.29
104	2163	3	13.33
875	115	3	13.54
3065	113	3	22.27
124	497	3	12.97
101	275	16	25.1
156	359	5	31.02
101	194	29	40.21
5674	14	3	17.25
607	106	4	9.75
153	139	3	3.88
526	132	4	21.87
439	115	4	14.57
110	298	4	8.34
150	167	4	12.08
907	1371	5	75.81
109	264	7	17.71
1524	114	3	16.27
217	134	3	7.86
114	111	21	6.39
377	158	7	50.95
1724	101	5	18.48
195	211	3	14.22
101	1389	3	5.66
106	1257	6	30.48
858	109	4	16.88
113	140	33	94.85
103	559	4	7.3
101	1134	3	4.43
102	4596	3	21.54
209	263	3	17.64
2227	14	3	8.16
117	108	23	13.61
103	2631	4	22.28
106	3665	4	32.11
216	119	4	9.82
200	2621	3	34.21
1979	14	4	12.38
124	164	7	17.59
165	752	4	32.33
106	240	8	12.78
106	166	9	5.59
125	142	12	29.76
104	1217	6	26.67
117	2833	4	34.07
388	9	3	9.57
127	251	5	18.98
611	124	3	14.11
831	102	3	5.32
106	540	6	18.23
131	117	14	22.61
190	449	4	30.06
131	228	3	8.04
4039	116	3	26.64
101	4971	3	18.27
101	3009	3	11.74
110	291	3	4.59
384	123	3	11.02
110	174	9	15.78
1251	14	3	3.98
110	119	17	11.68
109	1153	7	43.43
308	108	3	4.24
104	152	14	6.55
105	2330	4	20.86
175	235	23	209.46
212	341	3	20.19
435	107	3	5.83
101	456	13	32.82
4002	111	3	23.89
563	102	5	9.96
291	129	4	15.21
117	229	10	39.85
2668	12	3	13.1
269	119	4	12.35
101	4027	3	13.87
109	394	8	31.06
103	991	4	11.91
648	14	5	5.44
307	115	5	15.77
12	1369	4	13.52
126	232	5	17.46
104	2103	3	12.36
693	312	3	28.92
403	104	4	5.17
108	295	7	19.57
277	113	5	12.55
109	1733	3	16.09
152	242	4	18.2
101	4206	3	13.87
111	193	5	5.82
111	136	10	6.93
245	113	4	7.21
101	904	7	18.81
468	14	9	13.96
12	307	46	246.36
2541	125	4	36.93
1147	121	4	26.42
613	14	10	23.11
566	846	3	34.85
104	4207	3	18.26
1063	203	4	39.35
201	118	3	4.53
148	103	14	4
2586	14	3	9.29
107	333	5	11.54
276	132	9	48.86
16	1176	6	48.47
254	101	16	21.98
993	113	4	20.29
101	2544	4	16.92
104	1015	6	23.86
106	2143	3	14.67
379	109	3	5.7
239	136	4	14.92
105	113	51	12.73
17	143	3	7.99
635	651	3	33.8
109	646	8	40.72
101	5286	3	18.27
109	714	4	15.35
292	114	5	13.41
222	101	17	17.68
16	28	3	14.05
108	413	5	15.06
12	3982	3	16.81
4559	871	3	54.56
197	124	7	22.49
173	118	4	5.75
122	103	52	51.29
386	105	4	4.77
112	302	5	13.18
557	110	12	71.83
828	14	5	7.56
162	12	12	4.3
1627	104	3	10.82
114	778	3	11.81
103	700	11	48.42
103	836	8	32.38
481	151	3	17.56
1405	111	6	40.22
3450	7	3	26.26
107	124	58	136.5
310	101	27	80.01
101	601	5	6.14
111	367	11	51.61
303	1539	3	34.76
109	2077	4	25.55
133	749	3	16.87
187	278	3	16.54
3602	110	4	37.6
104	608	6	16.91
109	1820	7	54.5
1516	14	3	5.29
12	149	35	48.41
235	124	3	7.17
2282	102	4	19.33
250	144	16	113.9
101	917	6	14.12
106	637	5	15.07
112	391	4	11.36
12	1584	3	9.44
264	124	3	8.08
101	1672	3	6.74
2150	12	3	11.92
1483	14	3	5.29
204	157	6	29.84
151	287	3	13.39
103	2216	6	39.05
101	1116	3	4.43
103	526	6	14.76
101	1251	4	8.59
154	133	4	5.73
112	1017	7	43.91
207	324	8	68.23
444	144	7	48.72
108	768	5	22.16
168	16	3	3.98
103	4161	4	29.82
1727	102	3	10.42
116	109	49	84.1
597	101	6	9.22
116	161	5	6.66
184	692	6	55.48
101	351	17	39.26
229	110	5	8.87
2084	14	5	18.52
474	683	3	32.06
270	14	16	19.73
659	390	5	56.06
107	676	4	13.54
12	906	3	5.61
881	14	5	8.01
133	164	8	25.37
1845	102	6	31.79
104	404	8	20.15
101	2886	3	11.74
120	189	3	4.28
497	107	3	6.79
140	191	6	21.73
101	3723	3	13.87
344	649	5	54.45
136	588	4	24.11
1343	14	4	8.66
136	521	3	15.69
101	1571	3	6.74
103	276	8	11.81
217	105	10	12.86
